   1            "b" 2181  5101.313965 4510.045898 5936.111816
   2            "d" 4296  11023.368164 6139.056152 5843.422363
   3            "f" 2215  12271.108398 6535.309082 3940.257080
   4            "g" 1191  1995.921143 2906.120850 4269.485352
   5            "k" 3794  16420.994141 8960.791992 10780.155273
   6            "l" 4425  13617.330078 15461.555664 12316.309570
   7            "m" 3442  8746.316406 9820.628906 8799.944336
   8            "n" 6896  14065.094727 13585.902344 21387.453125
   9            "p" 2588  12444.399414 7159.641602 5220.164551
  10            "r" 4681  9233.203125 9120.416992 13485.458008
  11            "s" 6176  15518.678711 18364.658203 43394.203125
  12            "t" 3948  16283.238281 7267.036133 11048.101562
  13            "v" 1994  5045.306152 3689.392578 3463.556885
  14            "w" 2216  7765.960938 7223.220215 5502.554199
  15            "y"  995  2608.776123 2980.654053 3101.169189
  16            "z" 3682  16908.292969 13254.222656 8399.776367
  17           "aa" 2256  4855.161621 7703.999023 15627.674805
  18           "ae" 2292  4134.230469 7245.701660 16678.501953
  19           "ah" 2266  3860.876709 5097.037598 9195.096680
  20           "ao" 1865  3992.270508 6802.609863 12352.237305
  21           "aw"  728  1500.996948 3346.135742 6908.095215
  22           "ax" 3892  5882.599609 5188.923828 5371.782227
  23           "ay" 1934  4450.413574 9449.313477 15579.223633
  24           "ch"  820  3838.648926 4024.341064 2575.119629
  25           "dh" 2376  7373.052734 3305.790527 3440.642334
  26           "eh" 3277  5532.203613 7308.896484 13494.159180
  27           "el"  951  1822.372681 3113.259277 5349.524902
  28           "em"  124  365.801788 487.543701 314.280212
  29           "en"  630  2869.895508 1958.028564 1339.115967
  30           "er" 1693  3927.051270 5690.871094 10678.144531
  31           "ey" 2271  4932.098145 7446.671875 14658.430664
  32           "hh" 1660  4168.057129 4370.805664 3470.237793
  33           "ih" 4248  6660.457031 8189.973633 12464.799805
  34           "ix" 7370  11565.584961 11262.374023 10798.494141
  35           "iy" 4626  21110.207031 13707.843750 11396.892578
  36           "jh" 1013  4983.566895 3359.506592 2804.702637
  37           "ng" 1220  2909.602051 3032.894531 4783.617676
  38           "ow" 1653  3529.028076 6287.652832 10721.948242
  39           "oy"  304  626.460632 1073.735107 3361.011963
  40           "sh" 1317  3718.321777 4647.094238 9612.099609
  41           "th"  745  3707.641113 2290.754395 1511.590332
  42           "uh"  500  705.518616 1053.586060 1672.742310
  43           "uw" 1952  7776.610352 4431.352539 5214.713379
  44           "zh"  149  912.085449 460.703949 326.891968
  45          "axr" 2445  9136.482422 5641.311523 5055.541992
  46          "sil" 8283  57484.621094 62145.304688 26623.439453
