   1            "b" 2489  4838.000488 5304.178711 6260.714844
   2            "d" 5021  10310.538086 7826.496582 7841.712891
   3            "f" 2207  7070.596191 9852.737305 5431.923340
   4            "g" 1465  3476.182861 3543.077148 4308.771973
   5            "k" 4539  17828.699219 10688.944336 12112.662109
   6            "l" 4883  15136.381836 14649.999023 13186.119141
   7            "m" 3570  8076.637207 10264.815430 8926.109375
   8            "n" 7524  14387.834961 13175.377930 20430.769531
   9            "p" 2966  7634.624023 9568.396484 9155.442383
  10            "r" 5454  12201.921875 12847.325195 13077.747070
  11            "s" 6148  16714.849609 25507.015625 27905.710938
  12            "t" 7847  18668.556641 14126.095703 13630.866211
  13            "v" 2074  4195.531738 4259.305664 4272.295898
  14            "w" 2218  6467.755371 6456.315430 6691.348633
  15            "y" 1229  3275.517090 2835.660156 3354.137451
  16            "z" 4203  14375.026367 17562.105469 12335.934570
  17           "aa" 2210  5335.624023 7286.287598 12658.072266
  18           "ae" 2959  6429.812988 9387.425781 15024.273438
  19           "ah" 4464  6539.453125 7107.705566 10802.490234
  20           "ao" 1893  4635.253418 6607.892090 9869.514648
  21           "aw"  771  2415.144531 4030.285400 5369.939941
  22           "ax" 4616  7232.728516 5942.202148 5449.812012
  23           "ay" 2058  6318.804688 9794.593750 13075.374023
  24           "ch"  805  3421.351074 3647.510010 2881.531738
  25           "dh" 2551  6026.656738 3789.831543 3552.336914
  26           "eh" 3005  5101.127930 6723.262695 9968.320312
  27           "el"  635  1441.619751 2185.514404 3349.006836
  28           "em"   34  166.486969 188.910004 166.873383
  29           "en"  161  747.604736 433.219849 321.984711
  30           "er" 2601  6615.497070 7845.763184 11933.518555
  31           "ey" 2137  5297.139648 8007.717285 11245.447266
  32           "hh" 1741  4428.383789 4015.783691 3402.783447
  33           "ih" 6902  10031.872070 10865.416992 15134.597656
  34           "ix" 2102  2896.297852 3519.878418 2971.834473
  35           "iy" 5052  20186.585938 14983.342773 12554.369141
  36           "jh" 1048  4299.563965 3825.937988 3158.551758
  37           "ng" 1250  3714.666260 2943.361572 5077.798828
  38           "ow" 1715  4240.961426 6931.770508 8527.351562
  39           "oy"  306  1200.571899 1564.768433 2248.763672
  40           "sh" 1243  3947.695557 5018.972168 6956.446289
  41           "sp" 26436  56353.535156 57641.441406 36213.035156
  42           "th"  783  2088.196533 2870.351074 2250.823242
  43           "uh"  675  862.367920 1063.558350 1603.073120
  44           "uw" 2178  7270.142578 4271.770996 5648.742188
  45           "zh"   84  431.179321 357.746826 228.484116
  46          "axr" 1001  3443.819824 2536.796387 2520.484375
  47          "sil" 7392  56353.535156 57641.441406 36213.035156
