   1            "b" 2489  4854.854980 5302.494629 6239.830566
   2            "d" 5021  10284.098633 7878.212402 7893.895508
   3            "f" 2207  7065.164551 9875.760742 5438.452637
   4            "g" 1465  3492.052246 3550.028564 4332.095215
   5            "k" 4539  17847.742188 10636.120117 12166.416016
   6            "l" 4883  15147.859375 14536.989258 13198.497070
   7            "m" 3570  8122.728516 10238.987305 9005.381836
   8            "n" 7524  14347.620117 13228.786133 20504.996094
   9            "p" 2966  7585.523438 9550.010742 9187.823242
  10            "r" 5454  12178.393555 12852.753906 13062.789062
  11            "s" 6148  16824.193359 25703.894531 27595.072266
  12            "t" 7847  18496.304688 14105.260742 13783.500000
  13            "v" 2074  4183.472656 4277.612793 4303.283691
  14            "w" 2218  6512.564453 6433.085449 6682.865723
  15            "y" 1229  3293.826904 2847.350830 3362.045654
  16            "z" 4203  14279.527344 17491.652344 12427.238281
  17           "aa" 2210  5346.841309 7323.024414 12567.046875
  18           "ae" 2959  6483.372559 9446.467773 14884.619141
  19           "ah" 4464  6562.982422 7135.000000 10773.215820
  20           "ao" 1893  4680.759766 6633.083496 9816.429688
  21           "aw"  771  2454.452881 4044.477295 5312.926270
  22           "ax" 4616  7231.561035 5966.007324 5463.602539
  23           "ay" 2058  6394.675293 9866.537109 12992.603516
  24           "ch"  805  3416.664062 3645.749023 2905.261719
  25           "dh" 2551  6019.543945 3822.701660 3578.567139
  26           "eh" 3005  5112.991211 6771.733398 9942.277344
  27           "el"  635  1452.282471 2192.049316 3374.806152
  28           "em"   34  166.883392 188.515320 168.165421
  29           "en"  161  745.273865 436.378235 323.362335
  30           "er" 2601  6689.873535 7808.023438 11845.483398
  31           "ey" 2137  5327.626953 8071.988770 11142.914062
  32           "hh" 1741  4436.019043 4023.052246 3417.602539
  33           "ih" 6902  10142.517578 10819.647461 15053.579102
  34           "ix" 2102  2902.765869 3513.569336 2958.680908
  35           "iy" 5052  20091.884766 14915.830078 12659.519531
  36           "jh" 1048  4283.015625 3812.552490 3186.546387
  37           "ng" 1250  3715.300781 2962.628418 5081.909180
  38           "ow" 1715  4290.044434 6935.513184 8464.946289
  39           "oy"  306  1210.591675 1567.636230 2242.624023
  40           "sh" 1243  3955.088135 5024.844727 6928.840820
  41           "sp" 26436  55916.882812 57799.109375 36223.957031
  42           "th"  783  2091.172607 2853.894531 2268.686523
  43           "uh"  675  870.550537 1054.096313 1615.053589
  44           "uw" 2178  7255.528320 4297.829590 5619.056152
  45           "zh"   84  434.523376 358.656403 230.685928
  46          "axr" 1001  3418.311035 2563.526367 2518.229492
  47          "sil" 7392  55916.882812 57799.109375 36223.957031
