   1            "b" 2489  4519.288574 5250.214355 6244.269043
   2            "d" 5021  11551.528320 6374.577148 7978.594727
   3            "f" 2207  6762.936523 10230.029297 5307.594238
   4            "g" 1465  3319.626465 3032.198730 4179.497070
   5            "k" 4539  18099.099609 9957.577148 12259.012695
   6            "l" 4883  13852.479492 16675.628906 12453.293945
   7            "m" 3570  6822.486328 10653.168945 8419.824219
   8            "n" 7524  14620.347656 12051.178711 20676.384766
   9            "p" 2966  7539.738281 10106.210938 9104.930664
  10            "r" 5454  11829.143555 12238.396484 12937.909180
  11            "s" 6148  14752.970703 18733.585938 37696.437500
  12            "t" 7847  19124.521484 15364.349609 12582.857422
  13            "v" 2074  4557.351074 3758.735352 3912.973633
  14            "w" 2218  6603.777832 6631.712402 6198.864258
  15            "y" 1229  3326.394043 2480.145508 3341.229248
  16            "z" 4203  14881.871094 18356.822266 11187.818359
  17           "aa" 2210  4936.235352 6677.457520 13975.914062
  18           "ae" 2959  5309.026855 8092.564941 17411.634766
  19           "ah" 4464  5895.136719 7376.312500 12138.958008
  20           "ao" 1893  3930.954346 5408.137207 11624.996094
  21           "aw"  771  2027.864258 3301.068848 6633.391602
  22           "ax" 4616  7503.670898 6051.059082 5360.088867
  23           "ay" 2058  5149.752441 8042.582520 16312.401367
  24           "ch"  805  3155.915039 4059.636475 2670.428955
  25           "dh" 2551  5134.664062 2984.255615 3306.370850
  26           "eh" 3005  4541.063965 6185.317383 11629.622070
  27           "el"  635  1111.248657 1883.553223 3753.897949
  28           "em"   34  155.375793 195.281937 163.103333
  29           "en"  161  841.524658 333.649445 278.731903
  30           "er" 2601  5103.641602 7509.562988 13829.825195
  31           "ey" 2137  4741.866211 7134.936523 13402.583008
  32           "hh" 1741  4189.214355 4078.382812 3450.046631
  33           "ih" 6902  8670.833008 10513.549805 16805.771484
  34           "ix" 2102  2940.748535 3747.764893 2859.701416
  35           "iy" 5052  24803.710938 13187.876953 10989.972656
  36           "jh" 1048  4011.294922 4153.027832 2693.998291
  37           "ng" 1250  3233.590332 3025.498047 5292.514160
  38           "ow" 1715  3736.386475 5758.823242 10253.333984
  39           "oy"  306  941.616028 1714.111572 2217.116455
  40           "sh" 1243  3454.289795 4280.010254 8226.027344
  41           "sp" 26436  59936.734375 56168.757812 36058.164062
  42           "th"  783  2199.783203 2888.254395 2069.050293
  43           "uh"  675  792.729492 1107.344727 1467.089844
  44           "uw" 2178  8383.106445 4241.778809 4949.675781
  45           "zh"   84  398.431671 363.293427 192.144775
  46          "axr" 1001  3864.767822 2411.786621 2214.208984
  47          "sil" 7392  59936.734375 56168.757812 36058.164062
