   1            "b" 2181  5325.300781 4491.670410 6119.515625
   2            "d" 4296  11143.523438 6199.148438 5791.592773
   3            "f" 2215  11404.736328 7239.741211 4124.453125
   4            "g" 1191  2107.878906 3001.586914 4331.720215
   5            "k" 3794  16415.357422 9035.502930 10908.224609
   6            "l" 4425  13793.693359 15331.171875 12329.617188
   7            "m" 3442  9096.712891 9930.359375 9011.054688
   8            "n" 6896  13825.502930 13828.333984 20817.970703
   9            "p" 2588  12674.279297 6814.802734 5470.812500
  10            "r" 4681  9848.206055 9541.140625 13287.462891
  11            "s" 6176  16414.916016 21031.041016 39883.039062
  12            "t" 3948  15700.756836 7920.844727 11007.665039
  13            "v" 1994  4995.280762 3734.343750 3658.735352
  14            "w" 2216  7717.919434 7208.532227 5645.299316
  15            "y"  995  2641.313721 2991.069336 2830.136230
  16            "z" 3682  16340.913086 13258.631836 8679.627930
  17           "aa" 2256  5106.515137 8199.369141 14181.554688
  18           "ae" 2292  4627.026855 7809.324707 15790.471680
  19           "ah" 2266  4046.579834 5413.059570 8570.458984
  20           "ao" 1865  4344.812500 7338.305664 11287.234375
  21           "aw"  728  1678.753662 3629.251709 6458.121094
  22           "ax" 3892  5950.508301 5312.381348 5206.285156
  23           "ay" 1934  4956.415527 9955.492188 14323.835938
  24           "ch"  820  3807.865967 3945.259521 2696.438721
  25           "dh" 2376  7055.216309 3593.206299 3514.271729
  26           "eh" 3277  5765.937500 7408.368652 12654.306641
  27           "el"  951  1905.804199 3157.757080 5354.370117
  28           "em"  124  376.258942 488.041046 328.314545
  29           "en"  630  2741.272705 2003.122437 1409.059082
  30           "er" 1693  4279.220215 6158.697266 9874.184570
  31           "ey" 2271  5108.506836 7936.305664 13745.222656
  32           "hh" 1660  4258.370605 4369.626465 3496.236572
  33           "ih" 4248  6929.985840 8469.179688 11706.217773
  34           "ix" 7370  11491.162109 11473.478516 10357.510742
  35           "iy" 4626  20615.955078 13354.415039 12134.655273
  36           "jh" 1013  4949.148438 3477.988281 2834.490234
  37           "ng" 1220  3068.461182 3101.137451 4839.781250
  38           "ow" 1653  3789.091797 6887.495117 9956.893555
  39           "oy"  304  640.041565 1166.123779 3303.350830
  40           "sh" 1317  3771.800049 4706.795898 9509.478516
  41           "th"  745  3528.393555 2467.576416 1545.428467
  42           "uh"  500  722.424133 1072.439697 1642.400757
  43           "uw" 1952  7563.199219 4583.541992 5408.458984
  44           "zh"  149  880.328918 475.166077 339.499817
  45          "axr" 2445  8748.916992 5964.380371 5315.615723
  46          "sil" 8283  57987.578125 61862.933594 25587.822266
