   1            "b" 2181  4101.261719 5320.359375 5891.156250
   2            "d" 4296  9941.745117 6512.010254 5583.741211
   3            "f" 2215  12059.807617 6169.073242 4207.772461
   4            "g" 1191  2216.339600 2716.341064 3977.769531
   5            "k" 3794  15014.257812 9915.152344 10874.700195
   6            "l" 4425  13777.442383 15287.052734 11867.816406
   7            "m" 3442  6960.580566 8025.355469 11821.697266
   8            "n" 6896  14948.250000 11164.775391 20597.500000
   9            "p" 2588  11722.451172 7085.633301 5109.653809
  10            "r" 4681  9816.625000 10787.001953 11712.263672
  11            "s" 6176  14943.460938 21376.009766 40902.152344
  12            "t" 3948  14222.645508 9157.899414 10672.875000
  13            "v" 1994  4897.628418 3733.015137 3548.243164
  14            "w" 2216  6770.644043 7136.925781 5968.550293
  15            "y"  995  2933.451660 2635.073486 2964.105713
  16            "z" 3682  13361.790039 15299.814453 9085.459961
  17           "aa" 2256  4849.430176 6725.730469 15135.837891
  18           "ae" 2292  4049.473633 8366.962891 15863.777344
  19           "ah" 2266  3988.260498 5128.020996 8905.300781
  20           "ao" 1865  3604.592041 6623.737793 12045.345703
  21           "aw"  728  1601.429810 3445.794434 6683.966797
  22           "ax" 3892  5929.190430 5426.187988 4786.917969
  23           "ay" 1934  4030.198242 8312.108398 16659.398438
  24           "ch"  820  3127.890625 4294.453125 2701.580811
  25           "dh" 2376  5883.902344 3315.831299 3197.801270
  26           "eh" 3277  5049.253418 7273.632812 13731.084961
  27           "el"  951  1869.672852 2926.346680 5177.597168
  28           "em"  124  361.700104 506.813354 281.843872
  29           "en"  630  2894.770996 1659.230713 1466.965454
  30           "er" 1693  3776.502197 5552.255859 10719.290039
  31           "ey" 2271  4927.754395 7909.791504 14546.904297
  32           "hh" 1660  4097.708008 4384.724121 3559.080811
  33           "ih" 4248  6105.303223 8551.919922 12532.985352
  34           "ix" 7370  11067.624023 11914.505859 9705.810547
  35           "iy" 4626  24069.617188 12754.532227 9739.237305
  36           "jh" 1013  4457.676758 3430.171387 2905.137451
  37           "ng" 1220  2990.594971 2823.201172 4730.606934
  38           "ow" 1653  3352.520264 6438.423340 10211.875000
  39           "oy"  304  681.162109 1402.528198 2973.792725
  40           "sh" 1317  3781.116455 4971.441895 8973.389648
  41           "sp" 26402  64580.140625 55775.453125 42282.148438
  42           "th"  745  2765.849121 2735.109375 1697.655396
  43           "uh"  500  740.825684 897.005066 1691.125244
  44           "uw" 1952  7948.696289 4223.990234 5107.729492
  45           "zh"  149  674.095215 604.817200 386.794861
  46          "axr" 2445  9361.074219 5577.175781 4976.104492
  47          "sil" 8283  64580.140625 55775.453125 42282.148438
