   1            "b" 2489  4903.824707 5317.649902 6178.790039
   2            "d" 5021  10263.454102 7927.194824 7951.684082
   3            "f" 2207  7110.703613 9891.602539 5446.618164
   4            "g" 1465  3527.227295 3543.787598 4363.218262
   5            "k" 4539  17761.083984 10654.606445 12196.245117
   6            "l" 4883  15231.249023 14329.117188 13236.381836
   7            "m" 3570  8214.399414 10183.911133 9111.562500
   8            "n" 7524  14265.019531 13264.807617 20668.675781
   9            "p" 2966  7596.654297 9557.468750 9213.576172
  10            "r" 5454  12174.952148 12793.926758 13040.549805
  11            "s" 6148  17041.025391 25971.527344 27090.296875
  12            "t" 7847  18293.531250 14049.659180 13952.846680
  13            "v" 2074  4166.442871 4290.057617 4369.246094
  14            "w" 2218  6603.267090 6395.099121 6679.734375
  15            "y" 1229  3325.207520 2852.517334 3376.271240
  16            "z" 4203  14074.491211 17391.687500 12520.630859
  17           "aa" 2210  5370.326172 7398.449219 12412.573242
  18           "ae" 2959  6595.332031 9556.367188 14590.710938
  19           "ah" 4464  6626.751465 7206.971191 10649.901367
  20           "ao" 1893  4806.994141 6595.593750 9823.607422
  21           "aw"  771  2509.176514 4084.936523 5211.439453
  22           "ax" 4616  7246.500977 5982.584473 5492.367676
  23           "ay" 2058  6560.983398 9937.942383 12825.308594
  24           "ch"  805  3415.441406 3655.994141 2928.687256
  25           "dh" 2551  6009.622559 3864.731445 3620.226807
  26           "eh" 3005  5113.299316 6802.539062 9908.206055
  27           "el"  635  1474.967041 2210.592773 3402.735107
  28           "em"   34  167.017624 188.740250 167.497665
  29           "en"  161  744.965759 439.466583 329.242310
  30           "er" 2601  6824.929199 7722.304688 11761.376953
  31           "ey" 2137  5419.165039 8182.830566 10935.751953
  32           "hh" 1741  4472.309570 4039.622803 3445.262451
  33           "ih" 6902  10308.573242 10769.496094 14895.806641
  34           "ix" 2102  2923.719238 3486.285400 2945.115234
  35           "iy" 5052  19917.271484 14834.319336 12770.993164
  36           "jh" 1048  4268.748535 3805.219727 3206.965332
  37           "ng" 1250  3683.878174 3038.082031 5098.856445
  38           "ow" 1715  4374.403809 6968.770508 8358.324219
  39           "oy"  306  1219.587280 1571.246704 2222.530762
  40           "sh" 1243  3972.986084 5010.802246 6919.000977
  41           "sp" 26436  55477.656250 58068.046875 36002.585938
  42           "th"  783  2097.223633 2833.150391 2293.932861
  43           "uh"  675  889.965576 1048.043945 1628.567627
  44           "uw" 2178  7238.269531 4372.807129 5558.080566
  45           "zh"   84  438.920685 359.667755 233.912094
  46          "axr" 1001  3395.376221 2601.356445 2520.654541
  47          "sil" 7392  55477.656250 58068.046875 36002.585938
