   1            "b" 2489  4151.199219 6022.417969 6175.620605
   2            "d" 5021  12978.281250 6430.587402 7325.192871
   3            "f" 2207  6636.732422 11336.056641 4697.989746
   4            "g" 1465  2933.701904 3144.052490 4394.103516
   5            "k" 4539  17788.955078 11128.763672 11833.775391
   6            "l" 4883  12073.358398 20747.503906 11670.294922
   7            "m" 3570  6629.279297 7743.349609 10054.049805
   8            "n" 7524  14543.930664 10824.551758 22551.582031
   9            "p" 2966  7972.311035 10741.786133 8976.543945
  10            "r" 5454  8005.053223 11696.344727 13396.900391
  11            "s" 6148  13339.141602 14725.385742 41749.804688
  12            "t" 7847  21823.179688 15168.639648 12972.123047
  13            "v" 2074  4685.960938 3881.875244 3539.335205
  14            "w" 2218  5639.531250 7688.605469 5529.819336
  15            "y" 1229  3199.137939 2274.236816 4407.385254
  16            "z" 4203  14539.381836 18976.242188 10793.087891
  17           "aa" 2210  4050.169678 5224.595703 16711.537109
  18           "ae" 2959  4965.242676 5596.592285 21383.304688
  19           "ah" 4464  5904.907715 6391.465332 13573.680664
  20           "ao" 1893  3637.612793 4802.252441 12639.237305
  21           "aw"  771  1528.062134 2246.898926 7629.231934
  22           "ax" 4616  7462.634766 6396.825195 5057.062012
  23           "ay" 2058  4102.317383 5582.551270 19509.958984
  24           "ch"  805  3468.922363 4036.431152 2321.376953
  25           "dh" 2551  5560.220215 2657.521973 3054.654297
  26           "eh" 3005  4329.839844 5367.490234 13846.465820
  27           "el"  635  1042.816650 1521.902710 4262.000000
  28           "em"   34  146.561737 190.639191 142.158676
  29           "en"  161  837.758301 255.762268 228.943100
  30           "er" 2601  4066.508545 5856.898926 16425.101562
  31           "ey" 2137  4273.384277 5655.854980 15171.708008
  32           "hh" 1741  3568.304199 4281.124023 3144.252686
  33           "ih" 6902  8792.189453 9563.628906 18532.761719
  34           "ix" 2102  3118.443848 4043.249512 2602.113281
  35           "iy" 5052  30163.904297 10021.309570 9050.783203
  36           "jh" 1048  4154.637207 4263.415039 2157.591064
  37           "ng" 1250  2721.211426 2897.695801 5820.708496
  38           "ow" 1715  3182.278564 4391.466797 12170.446289
  39           "oy"  306  889.887451 1651.866211 2164.825195
  40           "sh" 1243  2968.067627 3105.779053 9647.514648
  41           "sp" 26436  58442.207031 53654.546875 37741.039062
  42           "th"  783  2374.209717 3144.488037 1786.349365
  43           "uh"  675  869.958557 912.384766 1779.900024
  44           "uw" 2178  9558.865234 3198.553223 4272.864746
  45           "zh"   84  403.864746 391.306885 160.216568
  46          "axr" 1001  4406.323242 1985.951294 1943.704224
  47          "sil" 7392  58442.207031 53654.546875 37741.039062
