   1            "b" 2489  4085.196045 5915.202148 6126.187012
   2            "d" 5021  12724.627930 6284.241211 7650.535156
   3            "f" 2207  6526.093750 11177.361328 4842.618164
   4            "g" 1465  2990.854492 2992.887939 4499.994141
   5            "k" 4539  18986.031250 10882.976562 11107.554688
   6            "l" 4883  12096.033203 20447.615234 11246.162109
   7            "m" 3570  6731.747559 8223.290039 9671.693359
   8            "n" 7524  14895.118164 10459.086914 22417.408203
   9            "p" 2966  7945.037598 10500.198242 9080.252930
  10            "r" 5454  8811.325195 12043.811523 13126.727539
  11            "s" 6148  13153.217773 15421.321289 41732.539062
  12            "t" 7847  21430.070312 15130.395508 12845.074219
  13            "v" 2074  4777.327148 3763.560791 3753.441650
  14            "w" 2218  5621.981934 7446.362305 5619.613770
  15            "y" 1229  3172.303955 2303.561523 4150.518066
  16            "z" 4203  14389.879883 19044.462891 10725.157227
  17           "aa" 2210  4119.489746 5557.069336 16227.471680
  18           "ae" 2959  4914.408691 6223.259766 20739.019531
  19           "ah" 4464  5763.262207 6638.559570 13532.124023
  20           "ao" 1893  3725.838135 4750.212891 12156.389648
  21           "aw"  771  1618.968384 2506.411621 7541.663574
  22           "ax" 4616  7505.755371 6374.916992 4985.993164
  23           "ay" 2058  4404.783203 5928.467773 19078.273438
  24           "ch"  805  3359.717041 4034.434814 2387.076904
  25           "dh" 2551  5520.679199 2659.644531 3076.941895
  26           "eh" 3005  4225.456055 5603.052246 13292.631836
  27           "el"  635  956.688782 1563.618652 4177.165527
  28           "em"   34  149.825363 191.453033 141.427551
  29           "en"  161  846.893738 264.372375 237.382080
  30           "er" 2601  4044.578369 6485.990234 15779.414062
  31           "ey" 2137  4332.848145 5996.515137 14937.472656
  32           "hh" 1741  3743.057617 4186.592285 3225.091309
  33           "ih" 6902  8629.240234 9510.103516 18406.386719
  34           "ix" 2102  3116.999268 4010.055176 2580.332764
  35           "iy" 5052  29073.048828 11131.375000 9297.884766
  36           "jh" 1048  4053.879639 4322.135254 2172.982910
  37           "ng" 1250  2714.396484 2932.826172 5774.077637
  38           "ow" 1715  3272.008789 4541.198242 11881.703125
  39           "oy"  306  933.679138 1621.539185 2160.010010
  40           "sh" 1243  3007.792969 3157.120605 9618.252930
  41           "sp" 26436  60203.539062 53957.894531 36639.589844
  42           "th"  783  2374.122314 3044.853027 1849.564087
  43           "uh"  675  830.091553 966.589783 1722.485840
  44           "uw" 2178  9095.881836 3591.209961 4555.979492
  45           "zh"   84  400.301208 382.410889 164.776825
  46          "axr" 1001  4317.810547 2059.436279 1990.713013
  47          "sil" 7392  60203.539062 53957.894531 36639.589844
