   1            "b" 2181  4696.933594 5631.448730 5919.070801
   2            "d" 4296  10328.754883 7152.901855 5954.455566
   3            "f" 2215  10048.436523 8316.694336 4741.599609
   4            "g" 1191  2592.119385 2842.793457 4113.106934
   5            "k" 3794  15308.166016 9617.273438 11300.915039
   6            "l" 4425  14444.043945 13426.592773 12176.468750
   7            "m" 3442  7647.636230 8177.737305 12016.136719
   8            "n" 6896  14191.660156 12329.848633 20322.166016
   9            "p" 2588  11769.802734 6841.692871 5973.042969
  10            "r" 4681  10086.456055 11110.735352 11959.807617
  11            "s" 6176  18465.558594 26030.750000 32735.240234
  12            "t" 3948  14669.285156 9205.290039 10815.329102
  13            "v" 1994  4722.900879 4045.040771 3975.187256
  14            "w" 2216  7094.304199 6543.448242 6177.147461
  15            "y"  995  3040.412842 2700.902344 2796.208252
  16            "z" 3682  12940.172852 14428.395508 10252.657227
  17           "aa" 2256  5666.210938 7725.773926 12853.903320
  18           "ae" 2292  5231.211426 8726.976562 13941.396484
  19           "ah" 2266  4098.691895 5403.955566 7517.674805
  20           "ao" 1865  4937.150391 6905.414551 10507.948242
  21           "aw"  728  2029.020386 3989.374512 5588.260254
  22           "ax" 3892  5476.886719 5354.699707 4971.720703
  23           "ay" 1934  5607.858887 9482.404297 13570.668945
  24           "ch"  820  3310.748047 4143.583496 3005.611328
  25           "dh" 2376  5963.980957 4151.119141 3779.801514
  26           "eh" 3277  5561.040527 7908.676270 11664.278320
  27           "el"  951  2280.570312 3184.156250 5024.243652
  28           "em"  124  362.000275 495.537048 295.201263
  29           "en"  630  2546.713135 2019.564087 1654.707397
  30           "er" 1693  4627.714844 6382.383301 8843.255859
  31           "ey" 2271  5886.356445 9197.502930 11523.423828
  32           "hh" 1660  4246.483887 4609.846680 3489.384033
  33           "ih" 4248  7026.037598 8276.499023 11288.596680
  34           "ix" 7370  11311.639648 10618.174805 10349.723633
  35           "iy" 4626  18900.886719 14339.051758 11772.462891
  36           "jh" 1013  4480.055664 3618.867676 3045.105713
  37           "ng" 1220  3391.381836 2905.679688 4675.283691
  38           "ow" 1653  4470.160645 6829.967285 8592.295898
  39           "oy"  304  835.280518 1390.652466 2840.482666
  40           "sh" 1317  4298.701660 5251.550781 8343.714844
  41           "sp" 26402  59597.445312 58095.460938 40726.878906
  42           "th"  745  2714.131104 2760.046143 1965.064209
  43           "uh"  500  875.576599 953.786194 1622.312134
  44           "uw" 1952  7113.828125 4739.595703 5368.512207
  45           "zh"  149  707.002808 641.568359 379.528351
  46          "axr" 2445  8245.291992 5775.615723 6171.804199
  47          "sil" 8283  59597.445312 58095.460938 40726.878906
