   1            "b" 2181  3779.099121 5507.047363 5992.679688
   2            "d" 4296  10101.399414 6090.011230 5459.479980
   3            "f" 2215  12983.544922 5396.396484 4044.126221
   4            "g" 1191  2106.914551 2632.810791 3914.153320
   5            "k" 3794  16111.586914 9224.010742 10901.083984
   6            "l" 4425  13149.489258 16434.417969 11630.724609
   7            "m" 3442  6574.369629 7523.754883 11816.224609
   8            "n" 6896  15590.792969 10537.072266 21192.808594
   9            "p" 2588  12461.109375 7272.112793 4570.206055
  10            "r" 4681  9316.317383 10561.124023 11741.187500
  11            "s" 6176  14191.693359 19353.492188 43608.632812
  12            "t" 3948  14143.482422 8696.448242 10479.305664
  13            "v" 1994  4830.424805 3616.441650 3274.365723
  14            "w" 2216  7072.198730 7239.401367 5845.860352
  15            "y"  995  2906.696777 2489.201416 3215.052979
  16            "z" 3682  13697.722656 15162.361328 8741.902344
  17           "aa" 2256  4328.813965 6605.816895 16047.404297
  18           "ae" 2292  3710.808350 7036.298828 16728.373047
  19           "ah" 2266  3477.745361 5002.203613 9617.191406
  20           "ao" 1865  3322.121094 5753.090820 12788.884766
  21           "aw"  728  1315.692993 3201.563721 7199.295410
  22           "ax" 3892  5988.723633 5225.746582 4812.579590
  23           "ay" 1934  3548.327148 7438.963379 18032.589844
  24           "ch"  820  3138.167969 4226.288086 2566.656738
  25           "dh" 2376  5660.795898 3041.302246 3052.255859
  26           "eh" 3277  4475.479492 6979.123047 14887.492188
  27           "el"  951  1642.701904 2691.694824 5598.833496
  28           "em"  124  352.167664 519.644287 278.060028
  29           "en"  630  3052.317383 1655.704102 1310.713013
  30           "er" 1693  3470.788818 4993.820312 11685.031250
  31           "ey" 2271  4341.568848 7215.966797 15902.045898
  32           "hh" 1660  4113.190430 4214.421875 3440.836914
  33           "ih" 4248  5875.803223 8175.204102 13575.335938
  34           "ix" 7370  10648.809570 12607.744141 9259.152344
  35           "iy" 4626  26436.490234 12331.617188 8914.370117
  36           "jh" 1013  4584.291016 3236.507812 2681.027100
  37           "ng" 1220  2679.580811 2786.268311 4999.171875
  38           "ow" 1653  2791.864990 6234.132812 11047.451172
  39           "oy"  304  592.058167 1206.551392 3199.097168
  40           "sh" 1317  3657.469727 4379.175293 9612.843750
  41           "sp" 26402  65682.476562 56639.398438 42345.164062
  42           "th"  745  2705.026611 2880.226074 1543.216187
  43           "uh"  500  671.192566 942.458435 1693.105103
  44           "uw" 1952  8737.255859 3965.962891 4799.772461
  45           "zh"  149  694.678528 562.168457 389.481689
  46          "axr" 2445  10261.629883 5404.377441 4447.825684
  47          "sil" 8283  65682.476562 56639.398438 42345.164062
