   1            "b" 2489  4797.268066 5360.279785 6245.614258
   2            "d" 5021  10487.507812 7470.081543 7900.363770
   3            "f" 2207  7044.637695 9881.642578 5369.212402
   4            "g" 1465  3374.100098 3546.302002 4187.969238
   5            "k" 4539  18133.732422 10292.008789 12110.875977
   6            "l" 4883  14971.884766 14746.561523 13219.380859
   7            "m" 3570  7849.425781 10222.212891 8883.020508
   8            "n" 7524  14250.160156 12683.270508 20596.019531
   9            "p" 2966  7666.000488 9650.519531 9191.297852
  10            "r" 5454  12352.930664 12643.938477 13284.497070
  11            "s" 6148  16133.079102 24433.812500 29873.126953
  12            "t" 7847  19190.351562 14708.142578 12607.298828
  13            "v" 2074  4305.171875 4080.439697 4139.276367
  14            "w" 2218  6442.454590 6410.260742 6639.497070
  15            "y" 1229  3275.644531 2741.622314 3281.887695
  16            "z" 4203  14354.825195 17987.373047 12036.153320
  17           "aa" 2210  5417.474609 7207.091309 12724.581055
  18           "ae" 2959  6035.843750 9250.535156 15663.427734
  19           "ah" 4464  6592.111328 7015.573242 11071.787109
  20           "ao" 1893  4463.313477 6570.062988 10105.737305
  21           "aw"  771  2414.725098 3819.457275 5664.386230
  22           "ax" 4616  7359.072266 5971.264648 5402.064941
  23           "ay" 2058  6060.397949 9391.208008 13727.271484
  24           "ch"  805  3413.858154 3663.899170 2819.574463
  25           "dh" 2551  5725.950195 3706.482178 3432.038330
  26           "eh" 3005  4989.781250 6700.712402 10141.777344
  27           "el"  635  1359.114624 2115.441406 3385.730225
  28           "em"   34  164.861298 190.424011 167.348511
  29           "en"  161  767.084534 424.848663 318.109558
  30           "er" 2601  5943.772461 8034.120117 12486.314453
  31           "ey" 2137  5133.550781 7658.891113 11896.809570
  32           "hh" 1741  4307.612305 4047.340820 3438.271240
  33           "ih" 6902  9541.381836 10901.042969 15542.294922
  34           "ix" 2102  2935.892334 3516.258789 2990.777100
  35           "iy" 5052  20807.953125 15098.931641 12196.011719
  36           "jh" 1048  4278.194336 3895.670654 2993.318115
  37           "ng" 1250  3739.621582 2925.481689 5159.634277
  38           "ow" 1715  4167.643066 6785.622070 8694.163086
  39           "oy"  306  1097.893066 1580.791382 2249.180420
  40           "sh" 1243  3840.426270 4887.750977 7122.832520
  41           "sp" 26436  57402.472656 56995.914062 36439.460938
  42           "th"  783  2093.470947 2928.736572 2177.045898
  43           "uh"  675  853.016235 1114.251221 1543.041626
  44           "uw" 2178  7346.741211 4269.471191 5720.816406
  45           "zh"   84  418.486206 355.168091 215.998642
  46          "axr" 1001  3519.404053 2402.678955 2571.713623
  47          "sil" 7392  57402.472656 56995.914062 36439.460938
