   1            "b" 2181  2245.604004 7477.829590 5282.109375
   2            "d" 4296  4792.574219 15177.511719 12064.007812
   3            "f" 2215  4991.763672 3345.455811 5481.678223
   4            "g" 1191  1280.763184 4485.065918 2350.825684
   5            "k" 3794  4418.385742 12217.111328 7972.104492
   6            "l" 4425  24010.373047 48489.289062 24326.664062
   7            "m" 3442  4520.997559 6480.000977 25945.060547
   8            "n" 6896  15613.471680 8541.189453 27863.179688
   9            "p" 2588  5239.125488 6609.082520 11590.907227
  10            "r" 4681  6178.332031 7650.285156 13782.484375
  11            "s" 6176  8165.628418 9451.827148 15656.633789
  12            "t" 3948  4672.062988 14046.686523 11714.994141
  13            "v" 1994  3016.638428 4022.289062 9628.652344
  14            "w" 2216  13604.459961 19239.867188 3220.308350
  15            "y"  995  5831.077148 1219.007202 9561.671875
  16            "z" 3682  6834.178711 8801.556641 12370.803711
  17           "aa" 2256  3615.098389 4558.539551 14353.441406
  18           "ae" 2292  3324.000000 4110.637695 6628.697266
  19           "ah" 2266  2891.610107 4513.227539 10529.081055
  20           "ao" 1865  2300.075439 2907.879150 10735.217773
  21           "aw"  728  914.923889 1255.458862 4825.352051
  22           "ax" 3892  17004.525391 11368.680664 16144.662109
  23           "ay" 1934  3307.245117 3338.663330 8416.846680
  24           "ch"  820  3544.080078 4156.769531 2596.750977
  25           "dh" 2376  15019.997070 18239.599609 3652.885010
  26           "eh" 3277  4650.864258 6796.965820 12054.421875
  27           "el"  951  1231.872681 1619.450195 3878.807617
  28           "em"  124  185.714828 131.019821 509.566437
  29           "en"  630  1312.119263 748.926025 1140.544312
  30           "er" 1693  2527.279053 3060.924316 11086.863281
  31           "ey" 2271  3329.384766 3435.900391 5221.947754
  32           "hh" 1660  5957.715332 14473.421875 2644.538574
  33           "ih" 4248  6161.250488 8644.624023 22382.925781
  34           "ix" 7370  29188.847656 34624.914062 34432.855469
  35           "iy" 4626  6309.852051 6509.608887 9443.923828
  36           "jh" 1013  4931.167969 4619.144531 3218.022705
  37           "ng" 1220  2408.995361 2244.570312 9679.473633
  38           "ow" 1653  2233.205811 3470.807861 11928.184570
  39           "oy"  304  362.796051 443.187988 1449.612183
  40           "sh" 1317  1624.672485 1956.221313 4316.217285
  41           "th"  745  2467.331787 1778.635620 3735.152588
  42           "uh"  500  894.362366 2771.522949 3074.516846
  43           "uw" 1952  3075.053955 3069.721436 4286.913086
  44           "zh"  149  309.581238 246.575302 606.017395
  45          "axr" 2445  3475.087158 3568.979980 4573.696289
  46          "sil" 8283  37270.222656 54427.589844 20744.751953
