   1            "b" 2181  3935.364746 3747.545166 7195.693359
   2            "d" 4296  11605.893555 6397.128418 6372.796387
   3            "f" 2215  13477.799805 5474.460938 3862.302490
   4            "g" 1191  1821.962891 2026.457153 5051.164551
   5            "k" 3794  17555.527344 8832.833008 9535.994141
   6            "l" 4425  15121.766602 18539.669922 10875.397461
   7            "m" 3442  7151.002441 10077.259766 7758.454590
   8            "n" 6896  16236.981445 14205.581055 20948.261719
   9            "p" 2588  12725.221680 8142.881836 4205.832031
  10            "r" 4681  5942.912598 7391.302246 16472.988281
  11            "s" 6176  12329.270508 17537.568359 48533.144531
  12            "t" 3948  16872.646484 6368.178711 10979.289062
  13            "v" 1994  5294.334961 3694.248535 2908.566650
  14            "w" 2216  6924.600586 7972.101074 4923.477051
  15            "y"  995  2276.771484 3402.761475 3684.983643
  16            "z" 3682  17477.433594 13018.359375 8065.550293
  17           "aa" 2256  3662.005371 6123.463379 19386.052734
  18           "ae" 2292  3056.625244 4843.167969 19818.599609
  19           "ah" 2266  3235.239502 4379.273438 10716.631836
  20           "ao" 1865  3040.041504 4889.125488 14463.172852
  21           "aw"  728  1205.633545 2367.531738 8335.766602
  22           "ax" 3892  5907.337402 5535.579102 5214.713867
  23           "ay" 1934  3203.491455 7166.817383 19558.357422
  24           "ch"  820  3712.711914 4110.579102 2239.833984
  25           "dh" 2376  7483.155762 2938.615234 3023.464844
  26           "eh" 3277  4710.243164 5264.450684 16339.034180
  27           "el"  951  1351.722778 2357.740234 6530.538086
  28           "em"  124  353.257599 497.582092 273.510559
  29           "en"  630  3151.789551 1702.773193 1032.606812
  30           "er" 1693  2994.070557 4548.343262 13438.373047
  31           "ey" 2271  3581.128662 5018.387207 18691.365234
  32           "hh" 1660  4386.191895 3950.987061 3624.117188
  33           "ih" 4248  5854.267090 6505.607910 15444.118164
  34           "ix" 7370  11087.525391 11213.092773 12185.592773
  35           "iy" 4626  29104.589844 7929.160156 6701.020020
  36           "jh" 1013  4906.569336 3470.841553 2513.837158
  37           "ng" 1220  2174.203369 2531.030273 5738.613770
  38           "ow" 1653  2617.845703 4980.423340 12597.132812
  39           "oy"  304  539.775269 930.635254 3602.669189
  40           "sh" 1317  3089.681396 3764.702637 10957.579102
  41           "th"  745  3992.859619 2301.943848 1351.925171
  42           "uh"  500  661.257751 1021.177002 1793.581055
  43           "uw" 1952  8821.594727 2934.744385 4726.407227
  44           "zh"  149  920.249146 389.449158 292.662506
  45          "axr" 2445  11127.969727 3866.677979 3535.153320
  46          "sil" 8283  61465.808594 62202.480469 24551.134766
