   1            "b" 2181  4178.877441 5640.705566 5898.721191
   2            "d" 4296  10200.430664 6870.632324 5592.317871
   3            "f" 2215  11134.755859 6935.729004 4400.852051
   4            "g" 1191  2360.191895 2778.107910 4037.294189
   5            "k" 3794  15158.336914 9764.080078 10919.192383
   6            "l" 4425  14390.945312 14137.479492 11926.979492
   7            "m" 3442  7396.062988 8055.010742 11752.861328
   8            "n" 6896  13780.951172 11818.681641 20364.078125
   9            "p" 2588  11605.352539 6812.155762 5515.298828
  10            "r" 4681  10572.508789 10924.691406 11505.318359
  11            "s" 6176  16874.240234 23129.316406 37804.910156
  12            "t" 3948  14230.845703 9119.209961 10772.226562
  13            "v" 1994  4765.713379 3816.743896 3666.740723
  14            "w" 2216  6832.595703 6700.955078 6205.391602
  15            "y"  995  2984.454102 2734.539551 2845.770508
  16            "z" 3682  13145.370117 15091.710938 9622.106445
  17           "aa" 2256  5349.419922 7296.633301 13770.825195
  18           "ae" 2292  4564.688477 8936.392578 14729.221680
  19           "ah" 2266  4150.814941 5199.325684 8278.368164
  20           "ao" 1865  4182.620605 7144.309082 10823.567383
  21           "aw"  728  1817.433105 3873.117676 6156.085449
  22           "ax" 3892  5703.464355 5602.000488 4821.843750
  23           "ay" 1934  4726.452637 9206.344727 14942.628906
  24           "ch"  820  3270.078613 4235.664062 2831.752197
  25           "dh" 2376  6031.423828 3768.755859 3327.302246
  26           "eh" 3277  5278.204102 7999.175293 12326.777344
  27           "el"  951  2086.565674 3050.008057 5072.464355
  28           "em"  124  360.196655 503.697235 284.679382
  29           "en"  630  2678.458252 1837.870728 1573.027832
  30           "er" 1693  4151.827637 6250.367676 9519.005859
  31           "ey" 2271  5185.992676 8592.670898 13247.130859
  32           "hh" 1660  4121.291992 4467.437012 3525.257324
  33           "ih" 4248  6359.566895 8464.287109 12127.733398
  34           "ix" 7370  11240.168945 11766.499023 9695.882812
  35           "iy" 4626  21647.365234 13808.494141 10752.645508
  36           "jh" 1013  4421.743164 3542.852539 2945.674316
  37           "ng" 1220  3291.521729 2852.137695 4729.081055
  38           "ow" 1653  3981.112793 6523.959473 9417.073242
  39           "oy"  304  737.041748 1395.913086 2903.406982
  40           "sh" 1317  4042.711182 5013.876465 8752.709961
  41           "sp" 26402  61902.410156 57073.148438 42056.464844
  42           "th"  745  2736.950684 2763.739014 1793.810181
  43           "uh"  500  810.671143 919.698730 1614.632568
  44           "uw" 1952  7490.010742 4520.225586 5226.321289
  45           "zh"  149  698.070190 613.843018 382.750275
  46          "axr" 2445  8933.557617 5511.868652 5650.910156
  47          "sil" 8283  61902.410156 57073.148438 42056.464844
