   1            "b" 2181  3530.289795 5389.540039 6385.599609
   2            "d" 4296  10772.125977 5941.854980 5187.757324
   3            "f" 2215  13721.924805 5038.490234 3688.364746
   4            "g" 1191  2045.696655 2252.042236 4455.353027
   5            "k" 3794  16895.689453 9217.508789 10587.180664
   6            "l" 4425  12165.827148 19092.646484 10547.784180
   7            "m" 3442  6593.241699 7062.777344 11321.872070
   8            "n" 6896  16392.964844 9787.196289 22462.962891
   9            "p" 2588  12866.242188 7467.287109 4151.013672
  10            "r" 4681  8721.003906 9702.766602 12177.262695
  11            "s" 6176  14166.098633 17376.062500 46109.906250
  12            "t" 3948  14728.255859 8666.594727 10295.425781
  13            "v" 1994  5131.973633 3519.095703 2950.239258
  14            "w" 2216  6886.558594 7505.410156 5764.054688
  15            "y"  995  2930.990967 2462.260498 3263.346436
  16            "z" 3682  14273.149414 15115.359375 8369.390625
  17           "aa" 2256  3879.114502 6424.119141 17165.455078
  18           "ae" 2292  3499.663086 6370.213379 17872.998047
  19           "ah" 2266  2996.634766 5085.926270 9970.929688
  20           "ao" 1865  3248.827881 5106.542969 13355.645508
  21           "aw"  728  1175.767090 2873.648682 7614.131348
  22           "ax" 3892  6480.784180 4844.637207 4688.347168
  23           "ay" 1934  3063.762695 7038.811035 18518.169922
  24           "ch"  820  3513.481934 4115.113770 2445.839355
  25           "dh" 2376  6217.006348 2887.786865 2968.357666
  26           "eh" 3277  4147.945312 6641.748047 15452.858398
  27           "el"  951  1431.135132 2359.493408 6123.148926
  28           "em"  124  343.702179 536.887756 267.513519
  29           "en"  630  3211.980713 1581.156982 1121.695312
  30           "er" 1693  2864.312256 4929.193848 12511.652344
  31           "ey" 2271  3827.666504 6571.817383 17088.251953
  32           "hh" 1660  4057.533203 4144.577148 3445.660889
  33           "ih" 4248  5419.719238 7627.982422 14762.519531
  34           "ix" 7370  10801.996094 12535.810547 9240.290039
  35           "iy" 4626  28764.802734 11138.886719 7888.630371
  36           "jh" 1013  4592.432617 3433.222168 2451.472656
  37           "ng" 1220  2538.778076 2687.705322 5239.009277
  38           "ow" 1653  2579.653076 5310.315430 11967.520508
  39           "oy"  304  592.557617 1018.348083 3278.572021
  40           "sh" 1317  3582.170410 3627.296387 10349.729492
  41           "sp" 26402  65580.750000 55572.148438 41231.269531
  42           "th"  745  2866.476562 2855.611816 1424.252808
  43           "uh"  500  579.869629 991.487061 1756.474365
  44           "uw" 1952  8772.042969 3839.515625 4890.086914
  45           "zh"  149  688.841309 586.886597 360.400452
  46          "axr" 2445  10778.515625 5239.178223 4089.347656
  47          "sil" 8283  65580.750000 55572.148438 41231.269531
