   1            "b" 2181  3323.895508 4279.209473 7706.112793
   2            "d" 4296  12089.545898 5635.909180 5448.796387
   3            "f" 2215  14044.099609 4957.097168 3390.659668
   4            "g" 1191  1931.878906 2183.821045 4392.116211
   5            "k" 3794  18308.050781 9067.177734 9490.522461
   6            "l" 4425  13202.251953 20890.962891 10960.218750
   7            "m" 3442  6720.851074 6948.714844 10696.827148
   8            "n" 6896  20018.437500 11485.341797 23681.396484
   9            "p" 2588  14389.499023 7345.139160 3942.386230
  10            "r" 4681  5915.287598 8607.729492 13698.379883
  11            "s" 6176  14352.040039 15601.464844 46739.613281
  12            "t" 3948  16700.148438 8763.593750 9507.685547
  13            "v" 1994  5303.106445 3397.133301 2644.630127
  14            "w" 2216  6387.540039 8345.677734 5342.293945
  15            "y"  995  2826.215088 2431.401123 3754.110596
  16            "z" 3682  13696.557617 15592.855469 8213.255859
  17           "aa" 2256  3501.357910 5273.701660 18181.554688
  18           "ae" 2292  3284.456543 4766.067383 19693.851562
  19           "ah" 2266  2997.461182 4096.051270 10842.209961
  20           "ao" 1865  3133.505371 4734.126465 13889.988281
  21           "aw"  728  1165.122070 2083.971680 7681.695801
  22           "ax" 3892  6484.743652 5326.088379 4734.926758
  23           "ay" 1934  2944.605469 5775.557617 19508.433594
  24           "ch"  820  3791.829346 4157.294922 2244.667480
  25           "dh" 2376  6986.804199 2645.753662 2762.630859
  26           "eh" 3277  4492.788086 5580.961426 16094.304688
  27           "el"  951  1267.373291 2120.319092 6785.782227
  28           "em"  124  360.652710 513.457031 267.762421
  29           "en"  630  3599.197510 1314.023193 1072.155273
  30           "er" 1693  2443.936279 4288.249512 13669.147461
  31           "ey" 2271  3678.153564 4292.791504 18272.445312
  32           "hh" 1660  3791.305664 3973.702881 3353.897705
  33           "ih" 4248  5600.934570 6462.341309 15738.796875
  34           "ix" 7370  11253.498047 11608.211914 9943.892578
  35           "iy" 4626  31551.943359 8513.493164 6648.776367
  36           "jh" 1013  4793.521484 3442.553467 2154.071533
  37           "ng" 1220  2370.009521 2672.532959 5832.282227
  38           "ow" 1653  2549.769531 4288.914062 12838.177734
  39           "oy"  304  554.766479 928.259766 3303.655273
  40           "sh" 1317  3401.495605 3389.491699 10550.251953
  41           "sp" 26402  61680.835938 54090.757812 40669.222656
  42           "th"  745  3189.326416 2791.527832 1237.077881
  43           "uh"  500  610.013855 911.797974 1917.610596
  44           "uw" 1952  9521.425781 3014.003418 4732.080566
  45           "zh"  149  655.510376 621.074524 314.960754
  46          "axr" 2445  12405.556641 4267.896484 3457.197754
  47          "sil" 8283  61680.835938 54090.757812 40669.222656
