   1            "b" 2181  3687.344971 5495.415039 6033.780273
   2            "d" 4296  10178.435547 6119.436523 5349.057129
   3            "f" 2215  13218.222656 5286.726074 3933.517090
   4            "g" 1191  2074.712646 2482.665527 4059.118164
   5            "k" 3794  16296.791992 9211.446289 10840.477539
   6            "l" 4425  12845.953125 16986.929688 11567.543945
   7            "m" 3442  6460.605469 7301.002441 11821.942383
   8            "n" 6896  15792.272461 10265.599609 21331.035156
   9            "p" 2588  12691.677734 7299.261230 4413.800293
  10            "r" 4681  9185.780273 10311.032227 11835.943359
  11            "s" 6176  14182.058594 18888.699219 44275.859375
  12            "t" 3948  14251.818359 8631.281250 10412.908203
  13            "v" 1994  4875.433594 3587.726562 3183.844727
  14            "w" 2216  7027.487793 7309.610352 5823.340332
  15            "y"  995  2893.413330 2456.718506 3283.448242
  16            "z" 3682  13865.849609 15248.248047 8550.936523
  17           "aa" 2256  4169.949219 6490.443359 16497.109375
  18           "ae" 2292  3659.359131 6626.760254 17065.738281
  19           "ah" 2266  3277.723633 4972.900879 9803.111328
  20           "ao" 1865  3276.788330 5427.633301 13034.470703
  21           "aw"  728  1252.630371 3084.097656 7410.159180
  22           "ax" 3892  6095.412109 5089.652344 4838.166504
  23           "ay" 1934  3446.446533 7214.576172 18377.816406
  24           "ch"  820  3215.068848 4191.113770 2533.560791
  25           "dh" 2376  5703.510742 3001.383545 3027.872803
  26           "eh" 3277  4307.093750 6792.569824 15301.143555
  27           "el"  951  1571.961548 2581.570068 5808.229492
  28           "em"  124  346.833801 529.280396 273.175323
  29           "en"  630  3085.463623 1636.571899 1253.307495
  30           "er" 1693  3343.551270 4894.631836 11973.617188
  31           "ey" 2271  4098.447266 7099.101074 16326.687500
  32           "hh" 1660  4102.449707 4182.777832 3413.223145
  33           "ih" 4248  5730.339844 7971.907227 13967.980469
  34           "ix" 7370  10594.666992 12659.621094 9180.498047
  35           "iy" 4626  27244.027344 12011.002930 8618.341797
  36           "jh" 1013  4569.257812 3240.486328 2627.355957
  37           "ng" 1220  2618.779785 2760.565674 5072.918945
  38           "ow" 1653  2628.999268 6074.832520 11314.117188
  39           "oy"  304  575.342346 1129.524902 3281.986328
  40           "sh" 1317  3589.382080 4116.546387 9889.605469
  41           "sp" 26402  65667.101562 57108.675781 42022.105469
  42           "th"  745  2705.801758 2898.083008 1483.230713
  43           "uh"  500  639.346985 961.352661 1702.673096
  44           "uw" 1952  8865.953125 3890.083984 4806.505859
  45           "zh"  149  693.064331 563.456848 382.944031
  46          "axr" 2445  10455.063477 5310.371094 4290.349609
  47          "sil" 8283  65667.101562 57108.675781 42022.105469
