   1            "b" 2181  4458.472168 5696.397949 5930.098633
   2            "d" 4296  10366.341797 6981.215332 5726.462891
   3            "f" 2215  10567.646484 7790.759277 4604.185547
   4            "g" 1191  2469.214844 2874.285889 4071.602051
   5            "k" 3794  15340.928711 9709.187500 11001.765625
   6            "l" 4425  14581.457031 13648.575195 12120.095703
   7            "m" 3442  7486.423828 8269.515625 11934.062500
   8            "n" 6896  13890.288086 12413.925781 19911.441406
   9            "p" 2588  11963.531250 6784.929199 5720.427734
  10            "r" 4681  10289.352539 11025.727539 12007.175781
  11            "s" 6176  17850.324219 25108.007812 34126.695312
  12            "t" 3948  14777.188477 9054.323242 10733.925781
  13            "v" 1994  4686.561035 3973.119873 3871.470215
  14            "w" 2216  7001.782227 6590.261230 6241.934082
  15            "y"  995  3062.222656 2712.378906 2839.325684
  16            "z" 3682  12802.667969 14688.682617 9996.156250
  17           "aa" 2256  5483.643555 7641.577637 13335.739258
  18           "ae" 2292  5070.454590 8722.273438 14263.187500
  19           "ah" 2266  4151.250488 5446.252441 7681.450684
  20           "ao" 1865  4746.298828 7024.031250 10572.501953
  21           "aw"  728  1930.945923 4038.190430 5735.145020
  22           "ax" 3892  5523.820801 5445.060547 4872.225098
  23           "ay" 1934  5374.873535 9410.266602 14016.338867
  24           "ch"  820  3328.686523 4193.113770 2930.751709
  25           "dh" 2376  6017.185059 4016.054443 3632.635254
  26           "eh" 3277  5420.617676 7899.369629 11891.748047
  27           "el"  951  2230.337402 3079.242920 5092.572266
  28           "em"  124  359.431458 498.107605 291.513519
  29           "en"  630  2604.361084 1926.890991 1617.740112
  30           "er" 1693  4470.730469 6402.275391 8871.104492
  31           "ey" 2271  5564.260254 9074.727539 12079.462891
  32           "hh" 1660  4125.083984 4581.055664 3469.774414
  33           "ih" 4248  6826.644531 8282.645508 11616.921875
  34           "ix" 7370  11448.366211 10981.074219 10127.613281
  35           "iy" 4626  19786.072266 14131.362305 11457.028320
  36           "jh" 1013  4408.758301 3616.059814 3022.751709
  37           "ng" 1220  3412.094727 2884.382080 4651.829590
  38           "ow" 1653  4370.390625 6896.440430 8694.236328
  39           "oy"  304  798.829956 1382.730957 2861.572266
  40           "sh" 1317  4239.928711 5124.250977 8543.551758
  41           "sp" 26402  60349.871094 57915.832031 40964.335938
  42           "th"  745  2724.999023 2800.829590 1895.519531
  43           "uh"  500  856.594849 934.069031 1630.288452
  44           "uw" 1952  7263.209473 4621.795898 5326.212402
  45           "zh"  149  695.549438 639.123413 377.064911
  46          "axr" 2445  8566.694336 5710.602051 5985.311523
  47          "sil" 8283  60349.871094 57915.832031 40964.335938
