   1            "b" 2181  4538.871582 5687.728027 5923.493652
   2            "d" 4296  10357.809570 7023.483398 5778.643555
   3            "f" 2215  10442.183594 7915.592773 4648.085449
   4            "g" 1191  2502.066895 2878.957031 4088.338379
   5            "k" 3794  15371.095703 9680.164062 11053.375000
   6            "l" 4425  14554.616211 13548.791016 12192.043945
   7            "m" 3442  7507.081055 8289.506836 11925.134766
   8            "n" 6896  13956.280273 12381.159180 20084.156250
   9            "p" 2588  11910.003906 6804.754883 5775.525391
  10            "r" 4681  10227.068359 11062.941406 12006.768555
  11            "s" 6176  18015.982422 25297.732422 33752.058594
  12            "t" 3948  14822.416992 9047.034180 10792.261719
  13            "v" 1994  4682.112793 4004.208740 3893.332031
  14            "w" 2216  7022.457031 6584.226562 6214.770996
  15            "y"  995  3054.271240 2717.610596 2823.515381
  16            "z" 3682  12840.995117 14576.017578 10109.417969
  17           "aa" 2256  5533.067383 7702.157715 13171.599609
  18           "ae" 2292  5105.863770 8736.169922 14182.237305
  19           "ah" 2266  4152.054688 5435.462402 7625.127441
  20           "ao" 1865  4823.552246 7010.322266 10520.583008
  21           "aw"  728  1958.911987 4044.292969 5681.699219
  22           "ax" 3892  5509.573242 5411.624023 4896.140625
  23           "ay" 1934  5451.810547 9422.480469 13890.833984
  24           "ch"  820  3334.238770 4168.966797 2949.746094
  25           "dh" 2376  6005.795410 4054.536133 3669.284668
  26           "eh" 3277  5462.852051 7902.190918 11841.322266
  27           "el"  951  2241.996582 3103.089600 5078.620117
  28           "em"  124  361.178955 497.062012 293.323181
  29           "en"  630  2587.207275 1960.021118 1626.514648
  30           "er" 1693  4512.232910 6435.717773 8806.164062
  31           "ey" 2271  5630.787598 9159.952148 11914.751953
  32           "hh" 1660  4157.069336 4584.916992 3466.427246
  33           "ih" 4248  6884.080078 8277.879883 11522.456055
  34           "ix" 7370  11415.954102 10869.532227 10205.524414
  35           "iy" 4626  19505.878906 14195.088867 11553.196289
  36           "jh" 1013  4430.580566 3624.817383 3025.718994
  37           "ng" 1220  3405.490967 2885.616699 4661.910645
  38           "ow" 1653  4391.094238 6923.067871 8634.750000
  39           "oy"  304  813.846436 1382.151123 2855.386230
  40           "sh" 1317  4271.944336 5153.375977 8475.650391
  41           "sp" 26402  59989.808594 57967.316406 40952.656250
  42           "th"  745  2721.894775 2785.522949 1913.212891
  43           "uh"  500  862.610657 937.591492 1636.597046
  44           "uw" 1952  7207.865723 4666.722168 5327.502930
  45           "zh"  149  703.783936 640.712158 376.802155
  46          "axr" 2445  8450.743164 5739.493164 6047.017090
  47          "sil" 8283  59989.808594 57967.316406 40952.656250
