   1            "b" 2489  4606.770020 5176.202637 6313.184570
   2            "d" 5021  11416.730469 6431.856445 8068.343262
   3            "f" 2207  6700.922363 10195.410156 5341.193359
   4            "g" 1465  3306.667725 3112.818604 4179.467773
   5            "k" 4539  17977.455078 10024.959961 12112.541992
   6            "l" 4883  14102.867188 16235.976562 12747.593750
   7            "m" 3570  6850.808594 10733.546875 8663.539062
   8            "n" 7524  15105.612305 12305.542969 20193.896484
   9            "p" 2966  7543.582520 9850.173828 9164.606445
  10            "r" 5454  12077.137695 12330.871094 13066.051758
  11            "s" 6148  14757.554688 20086.822266 36264.257812
  12            "t" 7847  18936.699219 14998.283203 12746.280273
  13            "v" 2074  4593.608398 3674.936035 3925.798340
  14            "w" 2218  6461.237305 6727.695312 6315.826660
  15            "y" 1229  3327.300781 2523.087158 3269.069824
  16            "z" 4203  14694.477539 18148.607422 11784.120117
  17           "aa" 2210  5073.720215 6558.454590 13836.765625
  18           "ae" 2959  5524.837402 8343.247070 17022.802734
  19           "ah" 4464  6008.252441 7330.931152 11790.682617
  20           "ao" 1893  4058.357910 5677.979004 11220.963867
  21           "aw"  771  2134.256348 3364.136475 6346.118652
  22           "ax" 4616  7505.877930 5983.655762 5434.066895
  23           "ay" 2058  5403.626953 8256.561523 15457.432617
  24           "ch"  805  3218.354980 3975.343262 2716.101807
  25           "dh" 2551  5203.752441 3152.419678 3366.730957
  26           "eh" 3005  4564.614258 6511.474609 11123.913086
  27           "el"  635  1174.372803 1947.678345 3570.083008
  28           "em"   34  159.158798 193.204071 163.110580
  29           "en"  161  790.424011 372.057892 286.472961
  30           "er" 2601  5388.062500 7768.255371 13341.469727
  31           "ey" 2137  4742.936035 7342.805176 13016.984375
  32           "hh" 1741  4137.086914 4100.463867 3459.484131
  33           "ih" 6902  8771.476562 10492.556641 16876.970703
  34           "ix" 2102  2876.045166 3721.529785 3006.400391
  35           "iy" 5052  24036.695312 13314.565430 11075.880859
  36           "jh" 1048  4167.190430 4059.297119 2807.577148
  37           "ng" 1250  3402.077393 3057.539551 5104.822754
  38           "ow" 1715  3882.955322 6246.182129 9695.357422
  39           "oy"  306  967.259521 1685.340698 2234.062988
  40           "sh" 1243  3508.939697 4619.686035 7816.075195
  41           "sp" 26436  59860.886719 55950.355469 36421.449219
  42           "th"  783  2163.359375 2897.042236 2117.561523
  43           "uh"  675  812.661072 1094.448853 1538.872681
  44           "uw" 2178  8102.281738 4380.593262 5127.824219
  45           "zh"   84  401.938171 364.473938 202.917511
  46          "axr" 1001  3685.196777 2561.732178 2334.726562
  47          "sil" 7392  59860.886719 55950.355469 36421.449219
