   1            "b" 2489  4718.311035 5347.233887 6155.797852
   2            "d" 5021  10645.855469 7167.265137 8024.255371
   3            "f" 2207  6803.942871 10117.987305 5331.056152
   4            "g" 1465  3319.121582 3399.708252 4154.242188
   5            "k" 4539  18257.330078 9931.425781 12195.921875
   6            "l" 4883  14581.759766 15594.967773 12890.953125
   7            "m" 3570  7448.151855 10344.817383 8977.518555
   8            "n" 7524  14326.362305 12369.411133 20785.134766
   9            "p" 2966  7651.573242 9756.365234 9208.278320
  10            "r" 5454  12180.247070 12445.182617 13166.457031
  11            "s" 6148  15508.545898 22823.957031 32699.869141
  12            "t" 7847  18896.267578 14965.269531 12452.245117
  13            "v" 2074  4425.300293 3896.208740 4091.193115
  14            "w" 2218  6403.267578 6467.302246 6612.532715
  15            "y" 1229  3322.311523 2654.801025 3223.492676
  16            "z" 4203  14505.576172 17904.371094 12163.925781
  17           "aa" 2210  5223.407227 6954.058594 13154.574219
  18           "ae" 2959  5895.928223 8834.437500 16326.442383
  19           "ah" 4464  6481.163574 7069.472656 11332.815430
  20           "ao" 1893  4316.695801 6339.207520 10507.772461
  21           "aw"  771  2310.926758 3707.942627 5871.126465
  22           "ax" 4616  7508.346191 5937.456055 5367.036621
  23           "ay" 2058  5800.384766 8871.209961 14583.340820
  24           "ch"  805  3334.575928 3723.858887 2798.943848
  25           "dh" 2551  5283.253906 3484.490234 3363.255615
  26           "eh" 3005  4878.190918 6715.880371 10333.973633
  27           "el"  635  1281.091553 2079.344238 3419.259033
  28           "em"   34  165.493820 191.183304 166.571014
  29           "en"  161  771.174072 413.239868 308.918579
  30           "er" 2601  5655.224121 8092.527832 12761.359375
  31           "ey" 2137  4985.099121 7434.363770 12429.958008
  32           "hh" 1741  4188.572754 4110.576172 3477.694580
  33           "ih" 6902  9310.063477 10917.810547 15716.787109
  34           "ix" 2102  2972.436768 3566.940186 2974.748535
  35           "iy" 5052  21947.156250 14973.875000 11596.954102
  36           "jh" 1048  4156.569336 3953.025146 2955.870361
  37           "ng" 1250  3680.096191 2898.718262 5215.907715
  38           "ow" 1715  4021.244385 6546.643066 9096.505859
  39           "oy"  306  1031.035889 1619.385742 2206.243652
  40           "sh" 1243  3670.463379 4805.484375 7359.372070
  41           "sp" 26436  58175.359375 56108.433594 37159.925781
  42           "th"  783  2096.731201 2921.457764 2143.095947
  43           "uh"  675  858.490601 1104.197266 1524.621582
  44           "uw" 2178  7720.236328 4238.455078 5509.881348
  45           "zh"   84  413.245636 354.456696 211.627747
  46          "axr" 1001  3514.929688 2416.563721 2511.003418
  47          "sil" 7392  58175.359375 56108.433594 37159.925781
