   1            "b" 2181  3996.640381 5417.358398 5949.515137
   2            "d" 4296  9974.762695 6294.506348 5535.549316
   3            "f" 2215  12475.528320 5781.470703 4158.342773
   4            "g" 1191  2171.829102 2720.244629 3890.875244
   5            "k" 3794  15541.775391 9601.752930 10855.876953
   6            "l" 4425  13557.465820 15785.101562 11740.540039
   7            "m" 3442  6748.719727 7918.939941 11850.301758
   8            "n" 6896  15092.012695 10830.450195 20924.048828
   9            "p" 2588  11982.927734 7194.764160 4866.250000
  10            "r" 4681  9652.755859 10791.892578 11747.049805
  11            "s" 6176  14263.190430 20367.957031 42316.066406
  12            "t" 3948  14130.478516 8925.747070 10575.412109
  13            "v" 1994  4844.641602 3666.063477 3449.891846
  14            "w" 2216  6963.410156 7192.243652 5947.946289
  15            "y"  995  2938.259521 2545.571533 3085.501953
  16            "z" 3682  13542.747070 15128.917969 9005.909180
  17           "aa" 2256  4602.958008 6674.427246 15489.460938
  18           "ae" 2292  3875.956543 7971.157715 16091.030273
  19           "ah" 2266  3824.582031 5082.244141 9217.314453
  20           "ao" 1865  3389.398193 6203.357910 12477.121094
  21           "aw"  728  1498.274048 3299.233887 6935.308594
  22           "ax" 3892  5857.063477 5427.756348 4785.388672
  23           "ay" 1934  3763.747070 7878.241699 17331.933594
  24           "ch"  820  3007.662842 4327.237305 2617.343018
  25           "dh" 2376  5731.210449 3176.096680 3123.925781
  26           "eh" 3277  4739.033691 7154.504395 14240.634766
  27           "el"  951  1776.806763 2845.272217 5308.501953
  28           "em"  124  359.192932 509.254578 281.592712
  29           "en"  630  2959.550781 1670.504028 1406.616089
  30           "er" 1693  3623.413818 5112.589844 11356.476562
  31           "ey" 2271  4758.198730 7550.140625 15141.809570
  32           "hh" 1660  4093.438477 4301.531250 3526.690430
  33           "ih" 4248  6019.308105 8350.466797 12986.763672
  34           "ix" 7370  10797.437500 12250.480469 9469.334961
  35           "iy" 4626  25191.912109 12512.016602 9377.253906
  36           "jh" 1013  4571.193848 3277.147705 2808.172852
  37           "ng" 1220  2863.853027 2824.028564 4822.446777
  38           "ow" 1653  3088.932373 6480.419922 10569.625000
  39           "oy"  304  642.506042 1348.038696 3061.362549
  40           "sh" 1317  3732.890869 4778.784180 9184.172852
  41           "sp" 26402  65414.976562 55847.328125 42610.117188
  42           "th"  745  2723.225586 2795.125244 1640.110962
  43           "uh"  500  709.616272 923.035095 1685.525635
  44           "uw" 1952  8319.434570 4072.415771 4964.340332
  45           "zh"  149  683.310608 586.346741 393.298523
  46          "axr" 2445  9870.535156 5494.755859 4690.160156
  47          "sil" 8283  65414.976562 55847.328125 42610.117188
