   1            "b" 2489  5018.487305 5366.353516 6053.195801
   2            "d" 5021  10167.031250 8075.800781 7988.926758
   3            "f" 2207  7220.492676 9901.354492 5422.985352
   4            "g" 1465  3618.808105 3515.367188 4431.600098
   5            "k" 4539  17509.501953 10746.990234 12180.600586
   6            "l" 4883  15682.444336 13813.249023 13401.927734
   7            "m" 3570  8498.482422 10128.341797 9161.338867
   8            "n" 7524  14111.365234 13258.705078 21038.791016
   9            "p" 2966  7893.865234 9376.752930 9228.675781
  10            "r" 5454  12355.636719 12679.079102 13068.516602
  11            "s" 6148  17443.072266 26045.138672 26298.261719
  12            "t" 7847  18258.855469 14027.074219 14124.290039
  13            "v" 2074  4168.038086 4298.616699 4405.474121
  14            "w" 2218  6724.244629 6354.184082 6687.395020
  15            "y" 1229  3333.179932 2868.621582 3369.283691
  16            "z" 4203  13787.348633 17136.185547 12800.903320
  17           "aa" 2210  5485.565430 7534.990234 12033.643555
  18           "ae" 2959  6853.088867 9750.490234 14056.897461
  19           "ah" 4464  6712.847168 7381.038574 10327.264648
  20           "ao" 1893  5003.866211 6429.698242 9873.700195
  21           "aw"  771  2597.922852 4206.369141 4987.263672
  22           "ax" 4616  7267.484863 5926.208984 5528.992188
  23           "ay" 2058  6738.577148 9954.341797 12673.261719
  24           "ch"  805  3449.228760 3634.644287 2922.511719
  25           "dh" 2551  5996.320312 3898.093262 3714.476074
  26           "eh" 3005  5139.840820 6811.684570 9731.309570
  27           "el"  635  1522.412354 2259.712891 3370.687256
  28           "em"   34  166.757370 188.721649 169.080948
  29           "en"  161  749.065491 443.315643 337.550842
  30           "er" 2601  7016.168457 7636.441406 11613.722656
  31           "ey" 2137  5601.904297 8379.825195 10524.114258
  32           "hh" 1741  4530.783691 4045.744629 3449.734619
  33           "ih" 6902  10544.928711 10669.417969 14623.528320
  34           "ix" 2102  2902.439697 3497.816162 2942.526123
  35           "iy" 5052  19877.484375 14592.073242 12852.610352
  36           "jh" 1048  4276.387207 3750.758301 3262.192871
  37           "ng" 1250  3638.222900 3166.530518 5038.479492
  38           "ow" 1715  4424.992676 7047.495605 8209.393555
  39           "oy"  306  1234.879639 1559.180786 2218.736572
  40           "sh" 1243  4044.906006 4966.936523 6892.799316
  41           "sp" 26436  55541.371094 58234.875000 35418.597656
  42           "th"  783  2098.109863 2803.494385 2345.949463
  43           "uh"  675  896.555847 1053.384888 1649.653564
  44           "uw" 2178  7170.169922 4428.604004 5599.334473
  45           "zh"   84  446.386200 359.839691 240.536514
  46          "axr" 1001  3344.048096 2671.109375 2514.044922
  47          "sil" 7392  55541.371094 58234.875000 35418.597656
