   1            "b" 2489  5195.854004 5432.885742 6032.755371
   2            "d" 5021  10066.824219 8191.994141 8098.392578
   3            "f" 2207  7207.570312 9913.600586 5457.146973
   4            "g" 1465  3722.739990 3452.600830 4454.610840
   5            "k" 4539  17311.367188 10841.827148 12225.131836
   6            "l" 4883  15877.017578 13466.516602 13538.113281
   7            "m" 3570  9063.611328 9976.956055 9265.463867
   8            "n" 7524  14434.045898 13359.730469 21018.134766
   9            "p" 2966  8190.856934 9144.670898 9229.408203
  10            "r" 5454  12471.818359 12670.766602 12891.825195
  11            "s" 6148  18169.886719 25188.935547 25978.214844
  12            "t" 7847  18327.486328 13831.149414 14375.467773
  13            "v" 2074  4245.088379 4315.750488 4392.970703
  14            "w" 2218  6899.984375 6251.872559 6680.444336
  15            "y" 1229  3361.983154 2834.257568 3354.872559
  16            "z" 4203  13692.706055 16527.849609 13372.407227
  17           "aa" 2210  5447.376953 7739.089844 11796.922852
  18           "ae" 2959  7013.166992 9918.194336 13513.664062
  19           "ah" 4464  6762.934570 7543.781250 9946.486328
  20           "ao" 1893  5202.814941 6302.735840 9926.469727
  21           "aw"  771  2661.624268 4289.597656 4825.451660
  22           "ax" 4616  7223.612793 5905.483398 5556.371094
  23           "ay" 2058  7003.309570 9955.126953 12356.019531
  24           "ch"  805  3499.124268 3603.062500 2935.181152
  25           "dh" 2551  5983.158203 3871.626465 3838.819824
  26           "eh" 3005  5291.834961 6787.008301 9450.283203
  27           "el"  635  1613.292725 2326.040527 3258.887939
  28           "em"   34  165.908218 187.812531 169.134308
  29           "en"  161  756.314636 442.958710 342.573364
  30           "er" 2601  7226.228027 7845.541016 11234.366211
  31           "ey" 2137  5802.446289 8475.469727 10180.383789
  32           "hh" 1741  4557.885742 4052.101074 3508.559814
  33           "ih" 6902  10620.645508 10843.370117 14271.597656
  34           "ix" 2102  2855.706299 3525.843018 2973.189209
  35           "iy" 5052  19149.337891 15149.785156 12862.391602
  36           "jh" 1048  4257.990234 3683.858887 3387.330322
  37           "ng" 1250  3618.632568 3224.713135 4991.882324
  38           "ow" 1715  4595.235352 7038.582031 8038.344238
  39           "oy"  306  1234.207153 1560.064209 2234.710693
  40           "sh" 1243  4201.619629 4985.396973 6810.597656
  41           "sp" 26436  55286.324219 58247.328125 35135.316406
  42           "th"  783  2080.170654 2763.735840 2419.521484
  43           "uh"  675  893.384949 1055.263062 1658.185547
  44           "uw" 2178  6887.625000 4624.555176 5655.144043
  45           "zh"   84  453.014221 362.592773 236.304916
  46          "axr" 1001  3266.447021 2750.672607 2526.571045
  47          "sil" 7392  55286.324219 58247.328125 35135.316406
