   1            "b" 2489  5181.610840 5405.410645 6017.664551
   2            "d" 5021  10061.414062 8173.497559 8094.029297
   3            "f" 2207  7210.632812 9929.015625 5432.778320
   4            "g" 1465  3715.205811 3485.356201 4447.828125
   5            "k" 4539  17317.763672 10804.103516 12189.712891
   6            "l" 4883  15887.915039 13541.543945 13478.709961
   7            "m" 3570  9000.735352 9985.055664 9219.224609
   8            "n" 7524  14383.435547 13361.007812 21008.791016
   9            "p" 2966  8173.959961 9177.024414 9229.534180
  10            "r" 5454  12463.096680 12678.777344 12908.440430
  11            "s" 6148  18062.697266 25328.453125 26023.804688
  12            "t" 7847  18284.324219 13870.850586 14309.553711
  13            "v" 2074  4243.896973 4308.356934 4372.748047
  14            "w" 2218  6886.363770 6241.413574 6680.005859
  15            "y" 1229  3363.001465 2841.081299 3351.795898
  16            "z" 4203  13774.118164 16576.732422 13302.837891
  17           "aa" 2210  5452.180176 7688.926758 11850.848633
  18           "ae" 2959  6985.165527 9886.330078 13613.773438
  19           "ah" 4464  6748.141602 7509.186035 10010.757812
  20           "ao" 1893  5196.416016 6298.153320 9940.865234
  21           "aw"  771  2646.049561 4298.534668 4857.565918
  22           "ax" 4616  7257.297363 5894.841309 5556.536133
  23           "ay" 2058  6965.404785 9966.712891 12421.024414
  24           "ch"  805  3494.918213 3602.453369 2936.854492
  25           "dh" 2551  6002.349121 3859.591553 3818.772461
  26           "eh" 3005  5249.044922 6775.659180 9518.394531
  27           "el"  635  1597.048218 2323.263916 3273.575684
  28           "em"   34  165.930923 187.777084 169.075500
  29           "en"  161  755.323242 442.509430 341.900940
  30           "er" 2601  7195.566406 7842.089355 11254.191406
  31           "ey" 2137  5792.998535 8474.700195 10220.752930
  32           "hh" 1741  4560.834961 4055.818848 3483.282227
  33           "ih" 6902  10557.845703 10826.903320 14357.879883
  34           "ix" 2102  2855.397949 3520.285645 2968.679688
  35           "iy" 5052  19298.185547 15037.747070 12763.195312
  36           "jh" 1048  4264.027832 3687.996826 3367.104980
  37           "ng" 1250  3622.374023 3206.118896 4999.758789
  38           "ow" 1715  4572.000000 7026.817871 8092.430176
  39           "oy"  306  1233.026978 1560.920288 2232.149170
  40           "sh" 1243  4175.078125 4983.809082 6832.077148
  41           "sp" 26436  55339.414062 58348.351562 35153.402344
  42           "th"  783  2085.772217 2766.484619 2406.586182
  43           "uh"  675  894.416809 1052.931030 1657.403442
  44           "uw" 2178  6931.415527 4584.625000 5654.145996
  45           "zh"   84  449.755554 362.053375 236.624420
  46          "axr" 1001  3272.225342 2740.628662 2514.806641
  47          "sil" 7392  55339.414062 58348.351562 35153.402344
