   1            "b" 2181  2639.439697 3079.166992 7157.269043
   2            "d" 4296  10375.906250 6062.773438 13223.267578
   3            "f" 2215  13312.834961 4490.790527 3407.457764
   4            "g" 1191  1949.937134 1783.113403 3319.293945
   5            "k" 3794  13765.352539 6235.664062 10929.195312
   6            "l" 4425  17803.748047 26395.820312 11222.207031
   7            "m" 3442  7437.993652 7121.581055 9447.543945
   8            "n" 6896  27102.357422 12067.272461 23122.841797
   9            "p" 2588  12772.361328 7553.550293 3801.005127
  10            "r" 4681  6967.247070 7759.467285 15110.036133
  11            "s" 6176  12852.806641 14988.710938 49608.937500
  12            "t" 3948  17009.964844 6211.059082 7668.005859
  13            "v" 1994  5688.714355 3022.736084 2842.566406
  14            "w" 2216  7831.197754 8951.165039 3470.696289
  15            "y"  995  2375.024170 3220.332031 5118.585938
  16            "z" 3682  17230.027344 12691.760742 7303.623535
  17           "aa" 2256  3523.538574 4558.523438 21770.988281
  18           "ae" 2292  2932.538330 4160.569336 18310.673828
  19           "ah" 2266  3416.691162 3475.844482 11605.524414
  20           "ao" 1865  2725.666260 3908.835205 17024.394531
  21           "aw"  728  1273.209473 1631.472046 8689.096680
  22           "ax" 3892  5747.794434 6093.187500 6261.665527
  23           "ay" 1934  3202.787842 3884.666992 22138.980469
  24           "ch"  820  3870.019287 3694.385742 2233.653320
  25           "dh" 2376  6718.378906 5070.697754 2957.043213
  26           "eh" 3277  4764.633789 4616.027344 16078.275391
  27           "el"  951  1311.530029 2107.042480 8028.469727
  28           "em"  124  349.186005 446.937805 257.307404
  29           "en"  630  3359.565674 1069.258423 965.949707
  30           "er" 1693  2282.651611 3884.739990 15126.211914
  31           "ey" 2271  3629.754639 3409.266113 13854.369141
  32           "hh" 1660  5749.864746 5742.179688 2445.205322
  33           "ih" 4248  6763.350586 5895.011230 16883.662109
  34           "ix" 7370  10831.440430 15378.582031 13722.081055
  35           "iy" 4626  27462.240234 6574.763672 6832.599121
  36           "jh" 1013  4809.770508 2876.219971 2693.655762
  37           "ng" 1220  1705.337280 1784.678711 7072.682617
  38           "ow" 1653  2371.245117 3655.401855 13538.780273
  39           "oy"  304  376.544403 804.245117 3768.355957
  40           "sh" 1317  3147.191406 3193.798096 11325.019531
  41           "th"  745  4104.288574 2080.223877 1197.868408
  42           "uh"  500  989.765320 962.185059 1944.210205
  43           "uw" 1952  7167.129395 2695.867188 3018.734375
  44           "zh"  149  935.016418 323.048370 330.708069
  45          "axr" 2445  10102.766602 3414.791748 3052.156982
  46          "sil" 8283  57833.621094 59565.660156 25706.839844
