   1            "b" 2181  5727.062012 4789.120605 6307.421875
   2            "d" 4296  10877.779297 6719.445801 6212.116699
   3            "f" 2215  9410.969727 9092.398438 5065.447754
   4            "g" 1191  2558.767334 3016.660400 4477.900879
   5            "k" 3794  15818.198242 9295.782227 11499.309570
   6            "l" 4425  14945.467773 13498.529297 11987.582031
   7            "m" 3442  9665.310547 9965.918945 9629.956055
   8            "n" 6896  13937.007812 14865.998047 19339.718750
   9            "p" 2588  12652.762695 6684.557617 6054.481445
  10            "r" 4681  10793.636719 10169.879883 12516.449219
  11            "s" 6176  18409.335938 24751.111328 34063.191406
  12            "t" 3948  15558.868164 8478.447266 11156.195312
  13            "v" 1994  4556.714844 4392.058105 4212.804688
  14            "w" 2216  7698.595215 7199.052734 5696.456543
  15            "y"  995  2749.080811 2892.383789 2892.581055
  16            "z" 3682  14866.994141 12979.685547 9711.373047
  17           "aa" 2256  5981.459961 8734.864258 11931.666016
  18           "ae" 2292  5752.662598 9017.093750 13541.658203
  19           "ah" 2266  4378.069336 6107.873047 6974.278320
  20           "ao" 1865  5261.630371 7768.611816 10040.367188
  21           "aw"  728  2185.000244 4118.239258 5497.712402
  22           "ax" 3892  6113.605957 5075.687500 5188.669922
  23           "ay" 1934  6271.293457 9986.372070 12435.981445
  24           "ch"  820  3872.034424 3750.503418 3075.295410
  25           "dh" 2376  6851.198242 3934.162109 3830.215576
  26           "eh" 3277  6417.036133 7964.563477 11172.175781
  27           "el"  951  2266.797607 3301.260254 5120.937988
  28           "em"  124  403.488800 473.778198 363.479584
  29           "en"  630  2569.221436 2204.362305 1562.987427
  30           "er" 1693  4881.720215 7030.190918 8326.272461
  31           "ey" 2271  6365.028809 8642.117188 11897.126953
  32           "hh" 1660  4587.930176 4453.151367 3628.684570
  33           "ih" 4248  7527.317383 8235.630859 11375.710938
  34           "ix" 7370  11477.403320 10708.318359 10731.198242
  35           "iy" 4626  18386.630859 14190.958984 12607.621094
  36           "jh" 1013  4867.120605 3649.182129 3080.994385
  37           "ng" 1220  3233.874512 3182.936768 4703.286621
  38           "ow" 1653  4824.273438 6850.924316 8456.387695
  39           "oy"  304  761.238098 1263.028076 3112.334717
  40           "sh" 1317  4117.456055 5254.823730 8711.766602
  41           "th"  745  3127.362305 2638.760254 1844.041138
  42           "uh"  500  829.156555 1076.309204 1658.557129
  43           "uw" 1952  7251.848633 4478.372070 5701.501465
  44           "zh"  149  861.521118 502.075317 361.839874
  45          "axr" 2445  7824.647949 6399.542969 6030.287109
  46          "sil" 8283  58147.046875 57300.453125 26246.126953
