   1            "b" 2181  5663.604004 4728.578125 6272.306641
   2            "d" 4296  10950.111328 6681.824707 6142.812012
   3            "f" 2215  9534.513672 9068.659180 4997.017090
   4            "g" 1191  2542.462891 3025.951172 4487.348145
   5            "k" 3794  15873.243164 9279.726562 11519.195312
   6            "l" 4425  14868.135742 13576.999023 11923.666992
   7            "m" 3442  9695.577148 9874.620117 9666.451172
   8            "n" 6896  13947.358398 14830.269531 19465.232422
   9            "p" 2588  12704.740234 6669.053223 6023.449707
  10            "r" 4681  10653.650391 10175.948242 12489.868164
  11            "s" 6176  18247.507812 24816.671875 34270.562500
  12            "t" 3948  15598.750000 8353.341797 11213.512695
  13            "v" 1994  4567.317383 4359.837402 4207.604004
  14            "w" 2216  7664.547363 7206.742676 5634.707031
  15            "y"  995  2736.918457 2897.804443 2894.353760
  16            "z" 3682  15028.256836 13035.801758 9604.893555
  17           "aa" 2256  5951.571289 8631.264648 12068.354492
  18           "ae" 2292  5675.411621 8971.069336 13661.701172
  19           "ah" 2266  4358.930176 6079.770020 7080.237305
  20           "ao" 1865  5177.651855 7762.411621 10067.648438
  21           "aw"  728  2135.129395 4083.915527 5543.124023
  22           "ax" 3892  6108.481445 5114.613770 5167.469727
  23           "ay" 1934  6146.440918 10013.943359 12541.436523
  24           "ch"  820  3851.932129 3756.339111 3052.612305
  25           "dh" 2376  6880.935547 3921.261230 3810.104248
  26           "eh" 3277  6380.555176 7900.086914 11272.976562
  27           "el"  951  2235.936768 3282.600586 5125.233887
  28           "em"  124  400.181702 474.627625 360.020447
  29           "en"  630  2592.648193 2175.108154 1562.106812
  30           "er" 1693  4853.140137 6994.967773 8370.250000
  31           "ey" 2271  6295.433594 8549.122070 12100.569336
  32           "hh" 1660  4547.678711 4460.384766 3597.608887
  33           "ih" 4248  7468.502930 8193.229492 11394.734375
  34           "ix" 7370  11516.611328 10774.416016 10657.877930
  35           "iy" 4626  18566.664062 14127.631836 12597.041016
  36           "jh" 1013  4879.499023 3648.118896 3072.211426
  37           "ng" 1220  3198.335938 3209.373779 4688.773926
  38           "ow" 1653  4733.115723 6904.441406 8541.183594
  39           "oy"  304  754.632141 1244.920410 3121.490967
  40           "sh" 1317  4081.493652 5203.321289 8790.672852
  41           "th"  745  3159.506348 2646.782227 1815.676514
  42           "uh"  500  824.852234 1073.077026 1672.638550
  43           "uw" 1952  7294.141113 4455.735840 5710.132812
  44           "zh"  149  867.513062 500.703094 358.364685
  45          "axr" 2445  7887.039551 6366.261230 5996.694824
  46          "sil" 8283  57810.507812 57790.496094 26324.664062
