   1            "b" 2489  4867.511230 5284.174316 6263.375000
   2            "d" 5021  10341.078125 7742.946289 7858.771484
   3            "f" 2207  7119.452148 9819.207031 5412.541016
   4            "g" 1465  3458.440430 3563.843018 4299.495605
   5            "k" 4539  17837.214844 10699.938477 12089.188477
   6            "l" 4883  15131.295898 14560.405273 13222.753906
   7            "m" 3570  7991.463379 10333.456055 8928.348633
   8            "n" 7524  14361.188477 13149.538086 20416.394531
   9            "p" 2966  7654.237305 9537.631836 9190.601562
  10            "r" 5454  12272.713867 12821.554688 13169.738281
  11            "s" 6148  16550.968750 25435.023438 28120.437500
  12            "t" 7847  18781.166016 14269.941406 13445.126953
  13            "v" 2074  4174.367188 4246.425781 4258.268066
  14            "w" 2218  6480.420410 6426.229980 6677.267090
  15            "y" 1229  3277.935303 2833.638428 3340.640381
  16            "z" 4203  14294.629883 17745.193359 12211.353516
  17           "aa" 2210  5450.451172 7239.156738 12589.919922
  18           "ae" 2959  6380.602539 9348.347656 15099.441406
  19           "ah" 4464  6516.531738 7127.195801 10836.273438
  20           "ao" 1893  4625.849121 6685.376465 9822.618164
  21           "aw"  771  2433.781250 3974.510254 5409.674805
  22           "ax" 4616  7286.335449 5950.791016 5430.756348
  23           "ay" 2058  6322.980469 9734.799805 13148.203125
  24           "ch"  805  3425.897461 3648.284668 2890.087891
  25           "dh" 2551  6018.552246 3782.032959 3549.148682
  26           "eh" 3005  5064.190430 6673.718262 10006.973633
  27           "el"  635  1432.272827 2169.712402 3371.414795
  28           "em"   34  166.219437 188.725876 166.532043
  29           "en"  161  751.357422 431.265839 324.816895
  30           "er" 2601  6512.542969 7804.688477 12105.856445
  31           "ey" 2137  5263.341309 7939.356445 11377.570312
  32           "hh" 1741  4451.238770 4003.525879 3388.971191
  33           "ih" 6902  9890.703125 10839.100586 15253.070312
  34           "ix" 2102  2887.872070 3522.343018 2983.885254
  35           "iy" 5052  20295.148438 14935.764648 12533.485352
  36           "jh" 1048  4311.492676 3828.468506 3125.954590
  37           "ng" 1250  3722.780273 2951.837891 5111.321289
  38           "ow" 1715  4220.621094 6871.522461 8570.775391
  39           "oy"  306  1183.126709 1568.732788 2247.552979
  40           "sh" 1243  3925.130371 5016.511230 6958.257812
  41           "sp" 26436  56662.683594 57658.132812 35873.250000
  42           "th"  783  2081.895264 2874.694336 2258.339844
  43           "uh"  675  859.295837 1080.148926 1591.106934
  44           "uw" 2178  7221.836914 4340.938477 5645.905762
  45           "zh"   84  430.551392 356.558197 224.878998
  46          "axr" 1001  3486.360352 2492.333984 2543.830322
  47          "sil" 7392  56662.683594 57658.132812 35873.250000
