   1            "b" 2181  2623.641602 4258.855957 6250.060059
   2            "d" 4296  8401.426758 7397.178711 14423.331055
   3            "f" 2215  11106.874023 4420.155762 4174.757812
   4            "g" 1191  2043.925415 2099.385254 2909.092529
   5            "k" 3794  10428.763672 7270.846680 9598.151367
   6            "l" 4425  18245.480469 35697.285156 14335.442383
   7            "m" 3442  6447.441895 4629.922363 14730.594727
   8            "n" 6896  29798.601562 7982.113281 25147.933594
   9            "p" 2588  10926.308594 7204.378418 6400.166016
  10            "r" 4681  7537.835938 7572.412598 14400.645508
  11            "s" 6176  12719.795898 11637.144531 44989.882812
  12            "t" 3948  12088.081055 7167.939941 6837.908203
  13            "v" 1994  4578.745605 2989.488525 4949.598633
  14            "w" 2216  8703.887695 12659.317383 4795.501953
  15            "y"  995  2625.573242 2066.158691 6585.945312
  16            "z" 3682  14112.390625 12476.803711 8111.827637
  17           "aa" 2256  3526.227295 4901.747070 21203.210938
  18           "ae" 2292  3414.946777 4154.807129 10966.095703
  19           "ah" 2266  3483.925537 3816.823486 12250.389648
  20           "ao" 1865  2497.409912 3375.660156 16153.308594
  21           "aw"  728  1115.433472 1724.897339 8294.844727
  22           "ax" 3892  7390.731934 7082.595215 8628.257812
  23           "ay" 1934  3002.450195 4139.341309 18588.632812
  24           "ch"  820  3597.350586 3415.071533 2183.220703
  25           "dh" 2376  9049.168945 8906.871094 4104.014648
  26           "eh" 3277  5382.278809 5685.334473 15356.018555
  27           "el"  951  1428.530151 2273.250244 7884.495117
  28           "em"  124  296.020081 262.117859 320.901520
  29           "en"  630  3063.828857 908.303406 1078.906982
  30           "er" 1693  2249.601318 3252.733887 15107.105469
  31           "ey" 2271  4288.488770 3599.708252 5876.416016
  32           "hh" 1660  5022.748535 8934.120117 3533.898193
  33           "ih" 4248  7517.626465 7074.435547 18874.968750
  34           "ix" 7370  13422.076172 24774.814453 19573.996094
  35           "iy" 4626  11535.644531 6657.046875 8008.061035
  36           "jh" 1013  4576.322266 3434.081055 2298.693604
  37           "ng" 1220  1547.343872 1607.684692 7748.724121
  38           "ow" 1653  2263.996826 3152.816895 12558.794922
  39           "oy"  304  371.811829 740.480957 3582.140625
  40           "sh" 1317  2792.941650 2399.312012 10552.321289
  41           "sp" 26402  53507.195312 53567.621094 38009.488281
  42           "th"  745  3502.777588 1735.268921 1989.573853
  43           "uh"  500  1358.185669 1224.649170 1905.007812
  44           "uw" 1952  4312.562500 3079.486328 3620.878418
  45           "zh"  149  714.173462 338.571075 488.997894
  46          "axr" 2445  5658.309570 3551.745117 3757.848145
  47          "sil" 8283  53507.195312 53567.621094 38009.488281
