   1            "b" 2181  5068.394043 5658.482910 5896.828125
   2            "d" 4296  9988.410156 7361.722168 6319.624023
   3            "f" 2215  8882.888672 9338.802734 5174.800293
   4            "g" 1191  2741.171875 2941.636963 4081.277100
   5            "k" 3794  15306.232422 9637.651367 11613.186523
   6            "l" 4425  14458.909180 12896.333008 12739.752930
   7            "m" 3442  8088.565918 8773.583984 11603.029297
   8            "n" 6896  14385.217773 12562.532227 19852.931641
   9            "p" 2588  11477.079102 7202.908203 6146.360840
  10            "r" 4681  10681.228516 10771.362305 12090.495117
  11            "s" 6176  19102.027344 26877.062500 30725.392578
  12            "t" 3948  14913.416992 9023.067383 11091.367188
  13            "v" 1994  4700.682617 4135.770020 4144.002441
  14            "w" 2216  7237.689941 6622.075195 6377.772949
  15            "y"  995  3050.147705 2647.491455 2837.341797
  16            "z" 3682  12801.291992 13972.732422 10548.206055
  17           "aa" 2256  5788.951660 8134.077148 12127.015625
  18           "ae" 2292  5773.374512 8696.592773 13150.889648
  19           "ah" 2266  4275.282715 5406.784180 7213.171875
  20           "ao" 1865  5189.823242 6964.456543 10017.558594
  21           "aw"  728  2292.056885 3961.559326 5259.581543
  22           "ax" 3892  5507.021484 5344.854980 4968.645508
  23           "ay" 1934  6016.385254 9986.762695 12497.719727
  24           "ch"  820  3412.335449 4020.450928 3072.227539
  25           "dh" 2376  5981.669922 4223.097168 3922.101807
  26           "eh" 3277  5902.901367 8092.436523 10955.224609
  27           "el"  951  2393.536865 3432.430176 4820.072754
  28           "em"  124  381.025177 493.374573 299.866394
  29           "en"  630  2417.983398 2067.689453 1682.202881
  30           "er" 1693  5015.570801 6562.416992 8334.543945
  31           "ey" 2271  6233.114258 9555.447266 10669.828125
  32           "hh" 1660  4359.162109 4629.120605 3654.679199
  33           "ih" 4248  7433.920410 8365.673828 10718.250000
  34           "ix" 7370  11323.794922 10035.660156 10805.677734
  35           "iy" 4626  16930.068359 15217.477539 12456.537109
  36           "jh" 1013  4589.856445 3576.286865 3134.654053
  37           "ng" 1220  3419.871338 3095.117676 4553.598145
  38           "ow" 1653  4599.427246 7104.489258 8122.797852
  39           "oy"  304  905.124146 1416.475708 2760.191650
  40           "sh" 1317  4400.907715 5758.184570 7842.173828
  41           "sp" 26402  57637.187500 57653.367188 40774.722656
  42           "th"  745  2693.318359 2823.668213 2104.283936
  43           "uh"  500  929.327271 1009.153442 1613.800659
  44           "uw" 1952  6943.099609 4803.578613 5542.649414
  45           "zh"  149  717.136169 627.113403 381.167023
  46          "axr" 2445  7699.472656 6111.579102 6388.026367
  47          "sil" 8283  57637.187500 57653.367188 40774.722656
