   1            "b" 2181  2770.867432 2981.662598 7578.990723
   2            "d" 4296  10848.123047 6277.004395 12900.667969
   3            "f" 2215  12341.785156 4577.320312 3260.320801
   4            "g" 1191  1893.061768 1863.825439 3529.933350
   5            "k" 3794  11870.939453 6776.214355 13405.374023
   6            "l" 4425  16896.804688 28308.548828 11707.374023
   7            "m" 3442  6800.640625 5393.202148 11628.059570
   8            "n" 6896  29754.441406 12515.827148 24069.156250
   9            "p" 2588  12803.271484 7347.606445 3801.812256
  10            "r" 4681  7009.338379 7383.659668 14321.944336
  11            "s" 6176  13657.056641 13377.461914 45469.042969
  12            "t" 3948  18374.304688 5637.620117 7236.113770
  13            "v" 1994  5416.278320 2947.297607 2923.178467
  14            "w" 2216  6869.822754 9537.189453 4419.185547
  15            "y"  995  2596.352783 2492.516357 5041.489746
  16            "z" 3682  13319.632812 15309.337891 7421.225098
  17           "aa" 2256  3431.184814 4902.828125 20729.863281
  18           "ae" 2292  2999.846436 3865.271484 17909.185547
  19           "ah" 2266  3397.756592 3611.796631 11942.471680
  20           "ao" 1865  2931.386963 3807.668213 16006.040039
  21           "aw"  728  1315.750122 1866.421997 8078.172363
  22           "ax" 3892  6037.609863 5653.508789 6161.850098
  23           "ay" 1934  3200.606934 4694.150879 21013.535156
  24           "ch"  820  3739.813477 3775.735840 2121.286133
  25           "dh" 2376  5986.853027 5762.573242 3039.244141
  26           "eh" 3277  5032.539551 5104.887207 17019.599609
  27           "el"  951  1385.309692 2099.616699 7415.003906
  28           "em"  124  351.610840 453.052826 268.208923
  29           "en"  630  3504.929932 1094.398071 979.208801
  30           "er" 1693  2540.917725 3400.003418 14618.841797
  31           "ey" 2271  3523.127197 3326.774902 13783.494141
  32           "hh" 1660  5165.252441 6156.479004 2468.206543
  33           "ih" 4248  6845.023438 6233.682129 17639.398438
  34           "ix" 7370  11277.947266 13633.824219 14160.950195
  35           "iy" 4626  24833.375000 7284.298828 6425.163574
  36           "jh" 1013  5003.205078 2358.643555 2357.729248
  37           "ng" 1220  1400.716797 2130.926514 7050.747070
  38           "ow" 1653  2571.626465 3562.669678 12630.531250
  39           "oy"  304  429.907074 791.723999 3578.137207
  40           "sh" 1317  3165.912842 3050.476074 10343.611328
  41           "sp" 26402  56746.996094 52910.675781 43058.292969
  42           "th"  745  3818.877686 1825.676147 1176.636963
  43           "uh"  500  977.306702 971.207092 1802.626343
  44           "uw" 1952  6733.102539 2696.205078 2824.440186
  45           "zh"  149  820.187500 372.047638 327.731262
  46          "axr" 2445  9999.269531 3657.477295 2923.196533
  47          "sil" 8283  56746.996094 52910.675781 43058.292969
