   1            "b" 2181  5694.635742 4761.007812 6287.395020
   2            "d" 4296  10915.158203 6700.998047 6177.996094
   3            "f" 2215  9467.420898 9083.444336 5035.950195
   4            "g" 1191  2549.842041 3019.959473 4481.383301
   5            "k" 3794  15853.698242 9283.470703 11519.466797
   6            "l" 4425  14906.945312 13531.964844 11941.857422
   7            "m" 3442  9694.918945 9911.104492 9649.626953
   8            "n" 6896  13938.257812 14853.871094 19403.753906
   9            "p" 2588  12676.443359 6682.456055 6040.618164
  10            "r" 4681  10719.616211 10170.207031 12502.427734
  11            "s" 6176  18314.941406 24784.283203 34181.300781
  12            "t" 3948  15576.028320 8416.309570 11186.866211
  13            "v" 1994  4562.990723 4376.035645 4211.762207
  14            "w" 2216  7679.694336 7203.074707 5668.292969
  15            "y"  995  2742.940430 2893.427979 2895.188965
  16            "z" 3682  14953.600586 12999.678711 9659.553711
  17           "aa" 2256  5967.117676 8677.640625 11997.580078
  18           "ae" 2292  5708.748047 9011.153320 13588.437500
  19           "ah" 2266  4363.203125 6096.391602 7026.943848
  20           "ao" 1865  5220.988770 7769.496582 10052.186523
  21           "aw"  728  2163.949951 4106.410645 5515.773926
  22           "ax" 3892  6110.248047 5093.881836 5180.564453
  23           "ay" 1934  6207.305664 10005.703125 12480.949219
  24           "ch"  820  3862.700928 3754.777344 3066.650146
  25           "dh" 2376  6870.979004 3925.211670 3819.247803
  26           "eh" 3277  6403.652344 7926.031738 11226.132812
  27           "el"  951  2252.859131 3290.813232 5121.505859
  28           "em"  124  401.669189 474.767578 361.792511
  29           "en"  630  2579.946533 2192.856689 1562.871216
  30           "er" 1693  4868.481934 7012.174316 8348.879883
  31           "ey" 2271  6328.198730 8597.250977 12000.079102
  32           "hh" 1660  4570.411621 4455.455566 3612.736572
  33           "ih" 4248  7500.984863 8206.877930 11396.855469
  34           "ix" 7370  11500.248047 10737.199219 10692.700195
  35           "iy" 4626  18470.503906 14158.640625 12603.576172
  36           "jh" 1013  4875.645020 3648.881836 3076.983643
  37           "ng" 1220  3218.424561 3195.983154 4693.367188
  38           "ow" 1653  4784.353027 6870.988770 8501.189453
  39           "oy"  304  757.156433 1251.978516 3116.536133
  40           "sh" 1317  4102.005859 5225.911133 8750.989258
  41           "th"  745  3146.415039 2639.482666 1832.413940
  42           "uh"  500  829.721924 1073.839600 1665.089844
  43           "uw" 1952  7271.014160 4468.706055 5700.596191
  44           "zh"  149  864.593628 501.211060 360.488312
  45          "axr" 2445  7855.568848 6380.522461 6013.795410
  46          "sil" 8283  57983.617188 57524.707031 26295.376953
