   1            "b" 2181  5311.903809 4478.319336 6045.669922
   2            "d" 4296  11131.049805 6155.923340 5790.374023
   3            "f" 2215  11635.062500 7043.095703 4105.145508
   4            "g" 1191  2085.811279 2991.718750 4322.828613
   5            "k" 3794  16442.248047 9034.462891 10912.875977
   6            "l" 4425  13896.421875 15145.262695 12367.133789
   7            "m" 3442  9031.498047 9833.673828 8971.910156
   8            "n" 6896  13965.983398 13583.209961 21045.826172
   9            "p" 2588  12567.054688 6874.149902 5464.612305
  10            "r" 4681  9754.559570 9407.825195 13345.176758
  11            "s" 6176  16224.838867 20328.804688 40777.847656
  12            "t" 3948  15810.992188 7798.331543 11095.167969
  13            "v" 1994  5032.066895 3699.173828 3628.857666
  14            "w" 2216  7809.911133 7146.604004 5625.104492
  15            "y"  995  2643.132812 2967.517578 2903.246094
  16            "z" 3682  16514.492188 13254.773438 8730.806641
  17           "aa" 2256  5083.519531 8135.479004 14386.446289
  18           "ae" 2292  4454.444336 7662.445801 16006.843750
  19           "ah" 2266  4003.038818 5384.546387 8659.174805
  20           "ao" 1865  4244.811035 7265.640137 11521.998047
  21           "aw"  728  1669.473999 3561.027344 6533.650391
  22           "ax" 3892  5894.845215 5249.300781 5260.524414
  23           "ay" 1934  4862.278809 9984.705078 14438.703125
  24           "ch"  820  3804.692627 3963.175781 2688.926758
  25           "dh" 2376  7127.693359 3528.001221 3489.619141
  26           "eh" 3277  5726.190918 7362.878418 12805.387695
  27           "el"  951  1894.106079 3162.470947 5314.879395
  28           "em"  124  373.911957 487.471527 326.606354
  29           "en"  630  2752.863281 2002.568848 1388.379028
  30           "er" 1693  4194.174805 6071.934082 10039.057617
  31           "ey" 2271  5125.833008 7817.472656 13957.288086
  32           "hh" 1660  4204.397461 4375.327148 3505.275146
  33           "ih" 4248  6927.710449 8421.758789 11779.124023
  34           "ix" 7370  11501.010742 11416.132812 10447.401367
  35           "iy" 4626  20529.421875 13638.098633 12013.625000
  36           "jh" 1013  4994.918457 3423.647217 2835.029785
  37           "ng" 1220  3052.387207 3070.265137 4814.173340
  38           "ow" 1653  3742.528320 6768.450195 10127.744141
  39           "oy"  304  638.014526 1149.547729 3303.718506
  40           "sh" 1317  3769.960449 4740.955078 9474.847656
  41           "th"  745  3558.902100 2445.779541 1543.429565
  42           "uh"  500  719.397705 1074.431274 1642.656250
  43           "uw" 1952  7577.613281 4577.431641 5343.358887
  44           "zh"  149  896.712280 469.976990 339.555603
  45          "axr" 2445  8794.242188 5894.231445 5259.240234
  46          "sil" 8283  57904.246094 61672.820312 25972.736328
