   1            "b" 2181  5646.069336 4689.723633 6260.978516
   2            "d" 4296  10993.963867 6650.453613 6113.830566
   3            "f" 2215  9612.661133 9050.245117 4954.063965
   4            "g" 1191  2530.512451 3036.100830 4493.845215
   5            "k" 3794  15892.155273 9283.961914 11508.877930
   6            "l" 4425  14833.897461 13614.282227 11920.077148
   7            "m" 3442  9684.244141 9857.801758 9676.718750
   8            "n" 6896  13930.042969 14803.990234 19569.181641
   9            "p" 2588  12733.745117 6655.559082 6006.376465
  10            "r" 4681  10589.195312 10174.649414 12480.057617
  11            "s" 6176  18192.705078 24854.376953 34363.871094
  12            "t" 3948  15601.402344 8287.676758 11236.786133
  13            "v" 1994  4574.635742 4341.822754 4203.713379
  14            "w" 2216  7641.762207 7216.087891 5610.726562
  15            "y"  995  2730.699707 2907.181396 2892.250244
  16            "z" 3682  15101.280273 13101.746094 9536.741211
  17           "aa" 2256  5940.978027 8560.227539 12153.122070
  18           "ae" 2292  5640.585449 8900.195312 13765.791016
  19           "ah" 2266  4344.582520 6074.941895 7129.394043
  20           "ao" 1865  5124.213379 7747.700195 10103.465820
  21           "aw"  728  2109.780762 4054.402588 5572.284180
  22           "ax" 3892  6107.805664 5141.414062 5146.236816
  23           "ay" 1934  6096.108398 10004.877930 12608.421875
  24           "ch"  820  3830.427979 3757.093750 3039.316406
  25           "dh" 2376  6891.564941 3918.428223 3802.855713
  26           "eh" 3277  6341.229004 7883.107422 11314.988281
  27           "el"  951  2218.216309 3268.908691 5132.592773
  28           "em"  124  398.349915 474.751678 358.908661
  29           "en"  630  2599.223877 2157.942627 1557.498657
  30           "er" 1693  4832.995117 6980.158691 8405.608398
  31           "ey" 2271  6246.710938 8507.984375 12217.186523
  32           "hh" 1660  4522.044922 4467.202148 3591.910645
  33           "ih" 4248  7427.391113 8185.832031 11374.606445
  34           "ix" 7370  11534.127930 10812.015625 10585.913086
  35           "iy" 4626  18663.611328 14089.482422 12594.267578
  36           "jh" 1013  4886.184082 3650.781494 3063.835449
  37           "ng" 1220  3175.651367 3223.274902 4686.289551
  38           "ow" 1653  4664.044434 6938.278809 8586.912109
  39           "oy"  304  750.139709 1243.710571 3121.034912
  40           "sh" 1317  4059.650146 5186.598145 8823.902344
  41           "th"  745  3170.075195 2656.520752 1796.668457
  42           "uh"  500  819.488647 1078.143555 1677.034424
  43           "uw" 1952  7306.302734 4449.049316 5719.201660
  44           "zh"  149  869.256897 500.135468 357.829254
  45          "axr" 2445  7911.191406 6356.856934 5975.913086
  46          "sil" 8283  57569.582031 58160.804688 26350.527344
