   1            "b" 2489  4147.765625 6089.816406 6202.214355
   2            "d" 5021  12967.070312 6821.906250 6828.591797
   3            "f" 2207  6590.489746 11818.088867 4533.143066
   4            "g" 1465  2890.741943 3399.296631 4071.285645
   5            "k" 4539  13843.918945 11018.471680 15588.445312
   6            "l" 4883  11804.417969 20770.285156 12002.905273
   7            "m" 3570  6562.896973 7225.211914 10230.480469
   8            "n" 7524  15089.126953 11596.794922 22021.273438
   9            "p" 2966  8446.117188 11172.172852 8337.432617
  10            "r" 5454  7826.179199 11130.693359 13376.295898
  11            "s" 6148  13655.891602 13780.943359 41675.339844
  12            "t" 7847  21227.738281 15339.919922 13041.341797
  13            "v" 2074  4619.030762 3995.583740 3264.876953
  14            "w" 2218  5486.007812 7989.029297 5263.438965
  15            "y" 1229  3167.896729 2269.998047 4773.583496
  16            "z" 4203  14624.375000 19036.179688 10603.113281
  17           "aa" 2210  4023.742188 5155.430664 16965.404297
  18           "ae" 2959  4960.435547 5428.036133 21498.533203
  19           "ah" 4464  6197.526367 6260.079590 13826.978516
  20           "ao" 1893  3661.791748 4649.198242 13789.087891
  21           "aw"  771  1513.828003 2074.227783 7628.335449
  22           "ax" 4616  7289.166992 6583.254395 5196.039062
  23           "ay" 2058  3886.848145 5314.712891 19267.041016
  24           "ch"  805  3535.505859 4031.411621 2292.851807
  25           "dh" 2551  5385.964355 2699.989014 3042.496582
  26           "eh" 3005  4499.666016 5128.709473 14534.604492
  27           "el"  635  1156.153931 1467.387085 4318.980469
  28           "em"   34  141.624847 193.361969 133.604218
  29           "en"  161  835.237976 255.153961 217.301575
  30           "er" 2601  4079.836670 5353.154297 17056.171875
  31           "ey" 2137  4186.120117 5356.737793 15241.818359
  32           "hh" 1741  3373.564453 4364.117676 3141.128662
  33           "ih" 6902  9117.768555 9536.774414 19024.191406
  34           "ix" 2102  3130.662354 4172.465820 2706.021240
  35           "iy" 5052  31011.724609 9211.459961 8338.612305
  36           "jh" 1048  4253.045898 4141.121094 2183.528809
  37           "ng" 1250  2715.033936 2904.299805 5810.406250
  38           "ow" 1715  3177.913574 4135.045898 12508.843750
  39           "oy"  306  880.309448 1681.640015 2116.730957
  40           "sh" 1243  3019.217529 2928.921631 9691.299805
  41           "sp" 26436  57805.566406 53736.218750 38778.289062
  42           "th"  783  2327.688232 3413.003174 1656.390625
  43           "uh"  675  939.870178 883.914795 1785.329590
  44           "uw" 2178  9480.441406 3005.000000 3955.005859
  45           "zh"   84  401.323792 400.600800 159.877335
  46          "axr" 1001  4511.872070 1924.690674 1776.418335
  47          "sil" 7392  57805.566406 53736.218750 38778.289062
