   1            "b" 2181  4338.526367 3995.058105 6755.256836
   2            "d" 4296  11617.941406 5756.861328 6055.493652
   3            "f" 2215  13183.094727 5868.164551 3765.836914
   4            "g" 1191  1851.260010 2385.833008 4814.483398
   5            "k" 3794  17379.623047 8411.520508 10425.577148
   6            "l" 4425  13926.078125 18230.142578 10643.587891
   7            "m" 3442  6896.262207 10314.695312 8145.066406
   8            "n" 6896  15017.161133 13350.272461 21115.378906
   9            "p" 2588  12765.994141 7876.898926 4510.252441
  10            "r" 4681  7966.840332 7644.886230 15357.205078
  11            "s" 6176  12745.832031 17324.529297 47507.800781
  12            "t" 3948  16589.576172 6194.208984 11378.028320
  13            "v" 1994  5231.344727 3688.914062 3095.829102
  14            "w" 2216  7154.177734 7392.263672 5325.298828
  15            "y"  995  2429.982666 3130.413086 3621.993408
  16            "z" 3682  17283.970703 13024.430664 8210.844727
  17           "aa" 2256  3870.837158 6765.455078 18106.548828
  18           "ae" 2292  3424.967529 5893.267578 18790.908203
  19           "ah" 2266  3321.586914 4889.424316 10301.186523
  20           "ao" 1865  3367.934814 5392.453125 13607.031250
  21           "aw"  728  1225.511597 2537.899170 7970.623535
  22           "ax" 3892  6115.066895 5359.286133 5266.951172
  23           "ay" 1934  3532.229248 7991.482910 18440.115234
  24           "ch"  820  3718.057617 4146.118164 2299.174072
  25           "dh" 2376  7362.226074 2893.076416 3250.216797
  26           "eh" 3277  4827.907715 5969.219727 16057.721680
  27           "el"  951  1460.498169 2628.777832 6022.464844
  28           "em"  124  351.249329 491.275726 289.031494
  29           "en"  630  3050.819336 1872.286865 1121.591187
  30           "er" 1693  3252.808594 4803.335938 12716.640625
  31           "ey" 2271  4008.069824 5767.256348 17393.894531
  32           "hh" 1660  4201.093262 4270.611816 3705.591553
  33           "ih" 4248  5741.661621 7426.689941 14813.790039
  34           "ix" 7370  11314.253906 11272.351562 11793.985352
  35           "iy" 4626  27526.843750 9910.157227 7709.515137
  36           "jh" 1013  4889.841797 3406.489258 2574.468994
  37           "ng" 1220  2359.412109 2603.687256 5493.935547
  38           "ow" 1653  2825.352295 5454.844238 12323.593750
  39           "oy"  304  551.220459 921.110535 3559.847168
  40           "sh" 1317  3142.345703 4153.990723 10480.422852
  41           "th"  745  3944.937500 2236.001465 1400.233276
  42           "uh"  500  667.660217 1002.335083 1757.593994
  43           "uw" 1952  8598.199219 3327.688477 4944.339355
  44           "zh"  149  916.586670 391.971680 309.623962
  45          "axr" 2445  10551.759766 4394.029297 3843.370850
  46          "sil" 8283  59760.925781 62466.273438 26202.597656
