   1            "b" 2181  2710.859375 3402.836426 7060.870605
   2            "d" 4296  9657.930664 6599.659180 14069.497070
   3            "f" 2215  11791.878906 4477.742188 3666.336426
   4            "g" 1191  2038.531860 1953.273315 3203.705078
   5            "k" 3794  11080.716797 6812.549316 11942.047852
   6            "l" 4425  17415.111328 32201.882812 12749.484375
   7            "m" 3442  6985.046875 4800.541016 13146.128906
   8            "n" 6896  32316.455078 9330.281250 24401.861328
   9            "p" 2588  12082.250977 7457.111328 4789.895508
  10            "r" 4681  7404.686035 7488.963867 14450.663086
  11            "s" 6176  13378.091797 12493.500977 45730.035156
  12            "t" 3948  16089.422852 6180.949219 6396.892090
  13            "v" 1994  5122.745117 2893.481689 3803.330078
  14            "w" 2216  7761.311035 11222.223633 4709.090332
  15            "y"  995  2461.153320 2462.166748 5758.395020
  16            "z" 3682  13547.272461 14299.953125 7392.156250
  17           "aa" 2256  3351.660889 4973.805664 21516.291016
  18           "ae" 2292  3165.222900 4076.561768 14663.785156
  19           "ah" 2266  3474.101562 3689.253174 12191.745117
  20           "ao" 1865  2671.683105 3517.389648 16289.798828
  21           "aw"  728  1250.328735 1842.596924 8228.207031
  22           "ax" 3892  6296.176270 5896.512695 7112.524414
  23           "ay" 1934  3056.938721 4352.654297 21022.244141
  24           "ch"  820  3690.395020 3599.138672 2172.036133
  25           "dh" 2376  7084.597656 7498.724121 3677.554688
  26           "eh" 3277  5164.223633 5273.672363 16536.076172
  27           "el"  951  1430.705933 2192.240967 7747.296875
  28           "em"  124  338.016235 358.958618 280.325623
  29           "en"  630  3338.057617 989.613403 1035.624512
  30           "er" 1693  2382.170898 3264.110840 14879.798828
  31           "ey" 2271  4051.520020 3552.505127 8828.154297
  32           "hh" 1660  5235.220215 7490.506348 2949.368164
  33           "ih" 4248  7201.583008 6520.066895 18342.251953
  34           "ix" 7370  11945.662109 18108.279297 16510.175781
  35           "iy" 4626  16556.244141 6859.709473 7762.573730
  36           "jh" 1013  4683.205566 2960.558594 2327.781982
  37           "ng" 1220  1393.309082 1669.993652 7631.002930
  38           "ow" 1653  2385.626465 3421.979736 12613.774414
  39           "oy"  304  377.984192 794.469116 3666.332520
  40           "sh" 1317  3080.718994 2871.868164 10439.634766
  41           "sp" 26402  55320.222656 52965.722656 41437.902344
  42           "th"  745  3746.000244 1705.789429 1495.634277
  43           "uh"  500  1171.549683 1062.941284 1817.846191
  44           "uw" 1952  4950.917480 2953.217529 3327.729248
  45           "zh"  149  805.123047 348.918304 375.484161
  46          "axr" 2445  7317.977539 3600.366699 3329.998047
  47          "sil" 8283  55320.222656 52965.722656 41437.902344
