   1            "b" 2181  5502.713867 4511.911133 6107.805664
   2            "d" 4296  11195.619141 6223.590820 5835.526367
   3            "f" 2215  10690.832031 7892.094727 4394.181152
   4            "g" 1191  2234.449219 3028.440186 4432.581543
   5            "k" 3794  16263.603516 9121.523438 11073.359375
   6            "l" 4425  14120.068359 14866.667969 12052.363281
   7            "m" 3442  9139.473633 9907.801758 9108.601562
   8            "n" 6896  13938.200195 14042.229492 20179.292969
   9            "p" 2588  12766.964844 6761.801758 5607.339355
  10            "r" 4681  10189.742188 9710.132812 13137.875000
  11            "s" 6176  17005.513672 22441.457031 37912.484375
  12            "t" 3948  15493.078125 7976.298828 11119.672852
  13            "v" 1994  4811.381348 3875.368652 3827.271484
  14            "w" 2216  7593.595215 7241.912598 5639.512207
  15            "y"  995  2662.022461 2942.561768 2769.976807
  16            "z" 3682  16010.358398 13297.445312 8843.135742
  17           "aa" 2256  5437.873535 8147.458984 13746.801758
  18           "ae" 2292  4811.468750 8303.976562 15117.443359
  19           "ah" 2266  4197.036621 5547.885742 8184.327637
  20           "ao" 1865  4582.842773 7496.157227 10998.777344
  21           "aw"  728  1779.472778 3797.137207 6212.728516
  22           "ax" 3892  6117.695801 5333.746094 5048.691406
  23           "ay" 1934  5287.196289 10025.549805 13868.552734
  24           "ch"  820  3799.677246 3890.330566 2763.570557
  25           "dh" 2376  6910.832031 3699.299072 3608.496094
  26           "eh" 3277  5923.773438 7526.669434 12225.062500
  27           "el"  951  1951.705322 3208.189453 5302.217773
  28           "em"  124  380.106171 490.444153 336.160889
  29           "en"  630  2714.197754 2026.383301 1463.538208
  30           "er" 1693  4378.836426 6482.310059 9403.716797
  31           "ey" 2271  5295.237305 7921.415527 13472.130859
  32           "hh" 1660  4272.430664 4478.259766 3457.010010
  33           "ih" 4248  7094.172363 8608.811523 11450.397461
  34           "ix" 7370  11690.076172 11247.157227 10337.113281
  35           "iy" 4626  20127.765625 13529.573242 12462.438477
  36           "jh" 1013  4894.709473 3497.100342 2884.818115
  37           "ng" 1220  3182.141846 3147.767334 4774.115723
  38           "ow" 1653  3994.410645 7158.183105 9448.270508
  39           "oy"  304  662.655334 1194.830200 3254.180176
  40           "sh" 1317  3844.669922 4799.908691 9310.453125
  41           "th"  745  3420.188477 2518.199707 1607.692261
  42           "uh"  500  737.864136 1058.835449 1682.927368
  43           "uw" 1952  7574.500000 4599.911621 5477.009277
  44           "zh"  149  864.516052 487.680054 345.470642
  45          "axr" 2445  8534.604492 6078.062988 5524.048828
  46          "sil" 8283  58040.667969 60557.171875 26119.412109
