   1            "b" 2181  4620.803223 5659.523926 5919.563965
   2            "d" 4296  10348.849609 7065.023438 5827.644043
   3            "f" 2215  10319.047852 8044.259766 4686.760742
   4            "g" 1191  2533.079102 2877.893066 4100.437988
   5            "k" 3794  15369.630859 9648.914062 11113.474609
   6            "l" 4425  14549.863281 13451.421875 12239.931641
   7            "m" 3442  7539.034180 8302.888672 11929.330078
   8            "n" 6896  14019.918945 12351.718750 20175.990234
   9            "p" 2588  11867.864258 6807.360840 5843.295898
  10            "r" 4681  10192.765625 11076.286133 11992.255859
  11            "s" 6176  18191.310547 25477.277344 33420.472656
  12            "t" 3948  14814.730469 9050.543945 10823.811523
  13            "v" 1994  4687.151367 4035.152832 3924.497803
  14            "w" 2216  7041.550293 6567.850586 6201.245117
  15            "y"  995  3051.129639 2716.310791 2809.952148
  16            "z" 3682  12866.448242 14491.562500 10178.584961
  17           "aa" 2256  5590.086426 7726.300293 13042.900391
  18           "ae" 2292  5149.938477 8705.963867 14122.770508
  19           "ah" 2266  4153.990723 5425.104980 7569.876953
  20           "ao" 1865  4878.865723 7001.008301 10470.480469
  21           "aw"  728  1980.106689 4042.069580 5645.069336
  22           "ax" 3892  5487.272949 5385.689941 4918.890625
  23           "ay" 1934  5512.394043 9469.821289 13751.571289
  24           "ch"  820  3334.542725 4156.065918 2962.578613
  25           "dh" 2376  5988.816895 4095.704834 3700.640137
  26           "eh" 3277  5513.893066 7897.059570 11784.924805
  27           "el"  951  2258.737061 3129.154541 5052.399902
  28           "em"  124  361.883698 496.958374 295.394012
  29           "en"  630  2572.653809 1982.459717 1637.058594
  30           "er" 1693  4550.824707 6436.631348 8802.097656
  31           "ey" 2271  5728.837402 9200.397461 11753.424805
  32           "hh" 1660  4186.985352 4592.622070 3463.976807
  33           "ih" 4248  6944.837891 8288.301758 11429.406250
  34           "ix" 7370  11386.468750 10775.622070 10267.118164
  35           "iy" 4626  19257.369141 14270.704102 11643.348633
  36           "jh" 1013  4459.301270 3628.652588 3026.920654
  37           "ng" 1220  3402.570801 2892.995850 4659.005859
  38           "ow" 1653  4417.311523 6937.788086 8591.327148
  39           "oy"  304  823.666931 1383.360718 2846.339600
  40           "sh" 1317  4301.969727 5180.076660 8417.611328
  41           "sp" 26402  59742.144531 58012.191406 40925.683594
  42           "th"  745  2716.868408 2775.906494 1932.159668
  43           "uh"  500  868.983215 945.517456 1634.662354
  44           "uw" 1952  7168.857422 4692.920410 5346.437012
  45           "zh"  149  708.325195 641.782227 378.157349
  46          "axr" 2445  8359.466797 5750.971680 6105.845703
  47          "sil" 8283  59742.144531 58012.191406 40925.683594
