   1            "b" 2181  4682.809570 5629.135254 5913.561523
   2            "d" 4296  10341.617188 7099.356445 5885.651367
   3            "f" 2215  10196.971680 8161.174805 4725.994629
   4            "g" 1191  2568.184326 2872.238037 4106.042969
   5            "k" 3794  15361.694336 9625.112305 11179.011719
   6            "l" 4425  14558.146484 13392.206055 12255.681641
   7            "m" 3442  7607.584473 8284.574219 11933.644531
   8            "n" 6896  14079.697266 12307.107422 20258.771484
   9            "p" 2588  11840.268555 6822.682617 5902.645020
  10            "r" 4681  10164.097656 11088.833008 11958.898438
  11            "s" 6176  18370.869141 25698.330078 33066.878906
  12            "t" 3948  14774.040039 9068.784180 10852.471680
  13            "v" 1994  4699.291504 4056.010254 3957.177734
  14            "w" 2216  7073.124512 6553.541504 6187.834473
  15            "y"  995  3052.833984 2707.732178 2802.886230
  16            "z" 3682  12911.291992 14417.142578 10240.627930
  17           "aa" 2256  5641.128906 7743.783691 12908.301758
  18           "ae" 2292  5205.908691 8665.670898 14054.134766
  19           "ah" 2266  4145.502930 5412.472168 7527.174805
  20           "ao" 1865  4927.646973 6977.283691 10440.276367
  21           "aw"  728  2006.322998 4026.410645 5610.993164
  22           "ax" 3892  5474.103027 5369.855469 4946.924316
  23           "ay" 1934  5574.322266 9484.480469 13636.800781
  24           "ch"  820  3329.063965 4148.394531 2974.932129
  25           "dh" 2376  5982.040527 4130.413086 3737.010986
  26           "eh" 3277  5553.523438 7888.916504 11716.873047
  27           "el"  951  2268.400635 3167.476074 5022.794434
  28           "em"  124  361.740234 496.714508 295.565521
  29           "en"  630  2560.468262 1997.640747 1644.046021
  30           "er" 1693  4599.128906 6413.806641 8829.659180
  31           "ey" 2271  5842.520508 9222.519531 11601.510742
  32           "hh" 1660  4211.812500 4601.454590 3481.523682
  33           "ih" 4248  7004.970703 8297.089844 11328.308594
  34           "ix" 7370  11349.626953 10691.055664 10323.488281
  35           "iy" 4626  19069.048828 14321.974609 11726.253906
  36           "jh" 1013  4487.600098 3626.158203 3036.039062
  37           "ng" 1220  3401.904541 2900.043457 4656.135742
  38           "ow" 1653  4466.491211 6893.401855 8567.902344
  39           "oy"  304  832.339294 1382.688477 2842.178711
  40           "sh" 1317  4319.120117 5208.906250 8367.393555
  41           "sp" 26402  59525.425781 58054.566406 40862.488281
  42           "th"  745  2712.451660 2770.836182 1949.618408
  43           "uh"  500  872.825989 951.705994 1630.891479
  44           "uw" 1952  7134.760742 4708.523438 5371.383301
  45           "zh"  149  709.457520 641.384460 379.051270
  46          "axr" 2445  8279.575195 5764.956543 6157.818848
  47          "sil" 8283  59525.425781 58054.566406 40862.488281
