   1            "b" 2181  5738.640625 4498.696777 6171.825684
   2            "d" 4296  11074.278320 6418.762207 5957.281738
   3            "f" 2215  10028.176758 8706.219727 4700.485352
   4            "g" 1191  2479.187256 3001.201416 4510.683105
   5            "k" 3794  15954.895508 9206.087891 11441.586914
   6            "l" 4425  14659.558594 14081.441406 11716.630859
   7            "m" 3442  9417.804688 9733.605469 9582.083984
   8            "n" 6896  13982.609375 14568.417969 19626.740234
   9            "p" 2588  12756.562500 6621.658203 5869.020508
  10            "r" 4681  10378.445312 9926.426758 12694.704102
  11            "s" 6176  18146.757812 24315.755859 35213.882812
  12            "t" 3948  15472.604492 8172.583984 11189.758789
  13            "v" 1994  4607.536133 4171.830566 4072.275391
  14            "w" 2216  7647.133789 7207.176270 5653.219238
  15            "y"  995  2737.328125 2934.076904 2830.934326
  16            "z" 3682  15265.756836 13430.065430 9186.301758
  17           "aa" 2256  5706.771973 8371.995117 12845.561523
  18           "ae" 2292  5312.860840 8956.533203 14200.861328
  19           "ah" 2266  4232.831543 5994.668945 7453.838867
  20           "ao" 1865  4889.396484 7634.882324 10528.558594
  21           "aw"  728  1995.874390 4037.601074 5735.611816
  22           "ax" 3892  6059.765625 5214.179199 5058.597656
  23           "ay" 1934  5867.790039 10040.002930 13005.397461
  24           "ch"  820  3799.568604 3789.195312 2915.703369
  25           "dh" 2376  6964.672363 3821.835205 3750.364502
  26           "eh" 3277  6249.338867 7889.166016 11587.048828
  27           "el"  951  2081.569824 3264.101807 5208.883301
  28           "em"  124  390.512207 475.261200 353.549896
  29           "en"  630  2616.713135 2122.124512 1535.456421
  30           "er" 1693  4608.418945 6953.319336 8629.378906
  31           "ey" 2271  5832.034668 8296.742188 12622.422852
  32           "hh" 1660  4325.905762 4574.084961 3502.052979
  33           "ih" 4248  7332.687500 8392.189453 11314.859375
  34           "ix" 7370  11669.256836 11069.732422 10346.176758
  35           "iy" 4626  19265.662109 14168.286133 12390.660156
  36           "jh" 1013  4844.613281 3607.541016 2968.061523
  37           "ng" 1220  3175.330811 3220.856689 4685.242676
  38           "ow" 1653  4371.548340 7096.041504 8837.183594
  39           "oy"  304  723.472046 1230.058838 3150.045410
  40           "sh" 1317  3942.059326 5044.032715 8991.729492
  41           "th"  745  3219.078125 2659.059570 1705.644775
  42           "uh"  500  795.184753 1078.088013 1698.126709
  43           "uw" 1952  7521.514648 4466.559082 5647.272461
  44           "zh"  149  860.695923 489.909912 348.141144
  45          "axr" 2445  8071.410645 6311.978516 5762.764160
  46          "sil" 8283  58086.656250 58732.605469 26390.505859
