   1            "b" 2181  5585.597168 4540.219238 6077.037598
   2            "d" 4296  11161.922852 6277.342773 5864.663574
   3            "f" 2215  10466.951172 8145.258301 4521.253418
   4            "g" 1191  2328.798340 3043.278564 4467.731934
   5            "k" 3794  16182.615234 9163.326172 11174.683594
   6            "l" 4425  14431.791016 14566.722656 11842.747070
   7            "m" 3442  9178.041016 9916.971680 9181.939453
   8            "n" 6896  14000.892578 14171.827148 20018.623047
   9            "p" 2588  12774.483398 6771.578125 5694.178711
  10            "r" 4681  10291.973633 9783.149414 13027.351562
  11            "s" 6176  17301.335938 23190.117188 36966.714844
  12            "t" 3948  15432.659180 7984.751465 11157.227539
  13            "v" 1994  4746.548828 3970.124023 3910.083984
  14            "w" 2216  7546.650391 7272.056641 5621.910645
  15            "y"  995  2666.565674 2934.967041 2781.630615
  16            "z" 3682  15753.220703 13358.798828 8989.872070
  17           "aa" 2256  5514.331055 8211.172852 13497.921875
  18           "ae" 2292  4850.148438 8567.877930 14798.153320
  19           "ah" 2266  4216.900879 5689.296875 7936.706055
  20           "ao" 1865  4641.834473 7461.561523 10955.601562
  21           "aw"  728  1853.246460 3912.085938 6055.593262
  22           "ax" 3892  6120.279297 5294.220215 5048.375977
  23           "ay" 1934  5367.189453 10166.566406 13598.535156
  24           "ch"  820  3793.505859 3882.400879 2798.185791
  25           "dh" 2376  6912.126465 3760.525635 3660.514648
  26           "eh" 3277  6013.209473 7571.336426 12051.625977
  27           "el"  951  1968.474487 3263.036865 5239.854492
  28           "em"  124  380.355286 487.433777 341.760468
  29           "en"  630  2693.086426 2054.185303 1484.204468
  30           "er" 1693  4456.378906 6683.227539 9086.916992
  31           "ey" 2271  5458.595703 7985.525879 13245.099609
  32           "hh" 1660  4241.585938 4557.580566 3474.815186
  33           "ih" 4248  7179.568359 8668.971680 11298.589844
  34           "ix" 7370  11804.268555 11105.134766 10354.180664
  35           "iy" 4626  19744.728516 13810.733398 12432.027344
  36           "jh" 1013  4853.186035 3512.437988 2911.249512
  37           "ng" 1220  3193.956055 3173.101074 4714.447754
  38           "ow" 1653  4084.406494 7251.127441 9250.080078
  39           "oy"  304  693.860779 1192.376831 3219.274902
  40           "sh" 1317  3872.392578 4866.028320 9185.566406
  41           "th"  745  3352.810303 2568.298096 1632.604614
  42           "uh"  500  760.978088 1054.441772 1703.239990
  43           "uw" 1952  7539.834473 4548.857910 5557.760254
  44           "zh"  149  857.106201 492.968140 342.921661
  45          "axr" 2445  8433.152344 6095.191406 5645.346680
  46          "sil" 8283  57975.023438 59795.597656 26476.492188
