   1            "b" 2181  2435.283203 5374.039551 5024.344238
   2            "d" 4296  6726.799316 8866.703125 13723.723633
   3            "f" 2215  9977.280273 4230.143555 4560.257812
   4            "g" 1191  1698.102173 2688.368896 2313.386719
   5            "k" 3794  8387.623047 8119.417969 7750.492188
   6            "l" 4425  19528.751953 39779.515625 16663.531250
   7            "m" 3442  5650.989746 4999.065918 17129.886719
   8            "n" 6896  23528.121094 8559.878906 26110.494141
   9            "p" 2588  9424.645508 6919.611816 8021.149414
  10            "r" 4681  7774.521484 7817.483887 13801.794922
  11            "s" 6176  11134.337891 11563.843750 37990.613281
  12            "t" 3948  8057.270020 8294.817383 9135.915039
  13            "v" 1994  4106.131836 3302.212891 6348.660156
  14            "w" 2216  9727.350586 14629.722656 4748.239746
  15            "y"  995  3284.868408 1513.008789 7780.027344
  16            "z" 3682  13667.272461 11355.341797 8983.517578
  17           "aa" 2256  3631.034424 4832.767578 19294.408203
  18           "ae" 2292  3766.605469 4219.818359 7872.318359
  19           "ah" 2266  3489.157959 4015.988525 12013.736328
  20           "ao" 1865  2431.656738 3298.581787 15001.792969
  21           "aw"  728  1005.826660 1506.712402 7473.358887
  22           "ax" 3892  9974.916992 9211.326172 10707.642578
  23           "ay" 1934  3151.878418 3847.141846 14490.752930
  24           "ch"  820  3225.846436 3682.406738 2066.432617
  25           "dh" 2376  11220.686523 11100.917969 4056.231934
  26           "eh" 3277  5489.778809 6223.334473 13689.777344
  27           "el"  951  1277.172607 2226.242188 7784.868652
  28           "em"  124  258.493622 178.061096 371.146454
  29           "en"  630  2610.055176 810.737000 1006.224670
  30           "er" 1693  2373.873535 3211.113281 14619.772461
  31           "ey" 2271  4276.681152 3653.593018 4764.334961
  32           "hh" 1660  4776.866699 10665.697266 3774.770996
  33           "ih" 4248  7770.562500 7878.553711 19836.167969
  34           "ix" 7370  17359.851562 31303.894531 23559.669922
  35           "iy" 4626  9462.530273 6713.827637 8017.399902
  36           "jh" 1013  4205.699219 4067.938965 2433.998535
  37           "ng" 1220  1961.419556 1733.179199 8071.400391
  38           "ow" 1653  2241.739014 2960.229004 12447.357422
  39           "oy"  304  389.046082 655.870117 3090.692871
  40           "sh" 1317  2261.193848 2084.777588 9425.177734
  41           "sp" 26402  50427.632812 55427.289062 32567.355469
  42           "th"  745  3330.573975 1757.125610 2564.284668
  43           "uh"  500  1465.782959 1622.509277 2230.807617
  44           "uw" 1952  4180.191406 3201.666260 3775.521240
  45           "zh"  149  618.600220 326.995880 588.263245
  46          "axr" 2445  5093.577637 3552.295654 4201.885254
  47          "sil" 8283  50427.632812 55427.289062 32567.355469
