   1            "b" 2181  3052.270020 3255.616455 7041.796387
   2            "d" 4296  11184.884766 6944.980957 7952.032715
   3            "f" 2215  13501.942383 5063.107422 3834.401123
   4            "g" 1191  1794.362427 1799.552734 4888.964844
   5            "k" 3794  16962.005859 8773.241211 9083.768555
   6            "l" 4425  16933.181641 20118.849609 10265.138672
   7            "m" 3442  7225.725098 9788.922852 7541.444824
   8            "n" 6896  20472.984375 14948.146484 20893.464844
   9            "p" 2588  13003.526367 8066.663086 3724.778076
  10            "r" 4681  5991.080566 7017.059082 15954.256836
  11            "s" 6176  12483.733398 16591.935547 49632.464844
  12            "t" 3948  16743.292969 6664.497559 10013.664062
  13            "v" 1994  5775.629883 3300.106445 2784.391846
  14            "w" 2216  7330.067383 8360.354492 3742.335693
  15            "y"  995  2270.825195 3569.070557 4068.834717
  16            "z" 3682  17499.357422 12837.421875 7941.717773
  17           "aa" 2256  3396.593750 5687.947266 20649.066406
  18           "ae" 2292  2768.452637 3618.441650 20936.648438
  19           "ah" 2266  3102.375000 3631.625488 11391.824219
  20           "ao" 1865  2794.853760 4644.606934 15345.791992
  21           "aw"  728  1158.382812 2246.494629 8357.192383
  22           "ax" 3892  5743.795410 6141.978516 5422.173340
  23           "ay" 1934  3063.529785 5242.079590 21128.724609
  24           "ch"  820  3752.455811 4036.999268 2241.504639
  25           "dh" 2376  7168.604004 3364.797852 2735.535156
  26           "eh" 3277  4481.624512 4692.426270 15922.000000
  27           "el"  951  1324.811646 2107.197754 7161.501465
  28           "em"  124  362.931488 493.188751 258.509979
  29           "en"  630  3298.748779 1402.018921 996.018188
  30           "er" 1693  2436.127441 4471.833984 14244.292969
  31           "ey" 2271  2948.489746 4012.492188 19747.363281
  32           "hh" 1660  4898.519531 4043.126953 3050.231445
  33           "ih" 4248  5942.006836 5773.105469 15842.652344
  34           "ix" 7370  11094.566406 12272.361328 12431.783203
  35           "iy" 4626  29824.558594 6666.144531 6267.425293
  36           "jh" 1013  4874.764648 3210.980469 2610.553223
  37           "ng" 1220  2056.985352 2364.998291 6115.555664
  38           "ow" 1653  2416.008301 4375.122070 13196.645508
  39           "oy"  304  461.273895 920.017944 3538.850098
  40           "sh" 1317  3151.831299 3471.254395 11225.904297
  41           "th"  745  4037.291260 2280.265625 1201.765625
  42           "uh"  500  706.051880 993.975769 1951.833984
  43           "uw" 1952  8167.013184 2593.813721 4002.866455
  44           "zh"  149  929.534241 345.313324 297.586914
  45          "axr" 2445  11465.826172 3551.616211 3081.820557
  46          "sil" 8283  62075.250000 61513.945312 24645.214844
