   1            "b" 2181  2651.660645 3371.051270 7027.014648
   2            "d" 4296  9345.385742 6469.385254 15044.480469
   3            "f" 2215  12354.277344 4573.174316 3671.536133
   4            "g" 1191  2072.456787 1888.720459 3112.874268
   5            "k" 3794  11525.145508 6353.268066 11417.578125
   6            "l" 4425  17668.115234 32342.183594 12265.348633
   7            "m" 3442  7429.337891 5038.316406 12127.488281
   8            "n" 6896  31046.187500 9114.375977 23936.134766
   9            "p" 2588  12175.856445 7516.080078 4650.067383
  10            "r" 4681  7186.124023 7712.565918 14150.860352
  11            "s" 6176  13179.308594 13276.606445 49343.031250
  12            "t" 3948  16111.034180 5917.154297 6800.775391
  13            "v" 1994  5206.252441 2962.530273 3556.727783
  14            "w" 2216  7772.509277 11229.906250 4154.717773
  15            "y"  995  2391.600830 2713.923096 5958.504883
  16            "z" 3682  16377.778320 12861.154297 7353.688965
  17           "aa" 2256  3582.594238 4843.088867 21362.414062
  18           "ae" 2292  3134.981689 4290.935059 14700.183594
  19           "ah" 2266  3646.953857 3654.606934 12015.416992
  20           "ao" 1865  2632.593262 3497.881348 17117.375000
  21           "aw"  728  1218.900146 1698.244263 8626.837891
  22           "ax" 3892  6166.444824 6079.400879 7105.808105
  23           "ay" 1934  3143.487549 4078.045654 21215.742188
  24           "ch"  820  3831.989746 3639.891113 2225.678467
  25           "dh" 2376  7433.373047 7085.113281 3600.062012
  26           "eh" 3277  5214.190430 5145.067871 16362.665039
  27           "el"  951  1374.669312 2155.521484 8130.735352
  28           "em"  124  327.677826 372.482635 275.712616
  29           "en"  630  3267.964844 984.758728 962.868591
  30           "er" 1693  2301.717285 3331.602295 15422.226562
  31           "ey" 2271  4086.877930 3664.068848 8815.244141
  32           "hh" 1660  5747.618652 7474.616699 2797.011719
  33           "ih" 4248  7436.972656 6424.292969 17997.691406
  34           "ix" 7370  11373.126953 19400.726562 15656.468750
  35           "iy" 4626  18897.197266 6874.441406 7608.213379
  36           "jh" 1013  4989.192871 3064.694092 2484.725098
  37           "ng" 1220  1506.080566 1587.169922 7535.453125
  38           "ow" 1653  2327.756348 3364.038574 13133.164062
  39           "oy"  304  376.007751 766.882568 3902.996582
  40           "sh" 1317  3107.132080 2848.426758 11518.190430
  41           "th"  745  3986.728271 1856.038452 1454.785767
  42           "uh"  500  1169.595093 1044.644409 1811.743408
  43           "uw" 1952  4991.411621 3092.030762 3470.987305
  44           "zh"  149  872.598694 320.048279 374.355103
  45          "axr" 2445  7270.869629 3596.736084 3479.669189
  46          "sil" 8283  53846.019531 58000.363281 27679.951172
