   1            "b" 2489  5124.103516 5374.190430 6017.910645
   2            "d" 5021  10117.843750 8144.011230 8010.899414
   3            "f" 2207  7214.347168 9924.810547 5415.361328
   4            "g" 1465  3681.663818 3488.803955 4440.154297
   5            "k" 4539  17314.355469 10843.272461 12144.890625
   6            "l" 4883  15826.225586 13557.696289 13486.187500
   7            "m" 3570  8824.132812 10033.970703 9194.402344
   8            "n" 7524  14197.085938 13353.443359 21098.902344
   9            "p" 2966  8075.422852 9204.753906 9254.968750
  10            "r" 5454  12465.501953 12703.893555 13012.159180
  11            "s" 6148  17770.146484 25751.669922 26061.628906
  12            "t" 7847  18267.605469 13904.932617 14241.247070
  13            "v" 2074  4212.730957 4290.021484 4404.632812
  14            "w" 2218  6829.363770 6288.283691 6713.124512
  15            "y" 1229  3357.708740 2857.447021 3359.196289
  16            "z" 4203  13770.815430 16800.689453 13102.489258
  17           "aa" 2210  5451.906250 7630.708008 11903.086914
  18           "ae" 2959  6981.220703 9830.226562 13760.188477
  19           "ah" 4464  6708.286133 7476.419922 10105.496094
  20           "ao" 1893  5113.317383 6343.502441 9929.357422
  21           "aw"  771  2633.788818 4256.800781 4891.969238
  22           "ax" 4616  7274.880859 5874.130859 5558.978516
  23           "ay" 2058  6878.577637 9907.031250 12572.667969
  24           "ch"  805  3474.107666 3629.188232 2922.300049
  25           "dh" 2551  6029.519043 3880.904541 3776.349609
  26           "eh" 3005  5183.290039 6804.945312 9625.050781
  27           "el"  635  1566.186646 2307.510742 3302.311523
  28           "em"   34  166.868454 187.936539 169.021317
  29           "en"  161  752.417542 444.410370 342.025513
  30           "er" 2601  7163.289062 7740.066406 11398.277344
  31           "ey" 2137  5744.464355 8458.628906 10297.094727
  32           "hh" 1741  4542.426758 4039.384521 3467.070068
  33           "ih" 6902  10594.024414 10687.418945 14439.034180
  34           "ix" 2102  2874.728516 3502.466309 2972.746826
  35           "iy" 5052  19516.660156 14884.575195 12871.101562
  36           "jh" 1048  4276.886719 3709.993408 3315.748047
  37           "ng" 1250  3645.831299 3206.610840 5011.016113
  38           "ow" 1715  4497.598145 7017.596191 8125.667480
  39           "oy"  306  1232.798828 1559.757324 2228.640625
  40           "sh" 1243  4120.228027 4965.147949 6853.830078
  41           "sp" 26436  55373.265625 58325.347656 35222.507812
  42           "th"  783  2099.668213 2777.458496 2385.847900
  43           "uh"  675  898.376953 1055.490234 1657.836670
  44           "uw" 2178  7021.730469 4553.646973 5626.334961
  45           "zh"   84  448.781616 361.894775 238.951706
  46          "axr" 1001  3295.365234 2724.093506 2516.839844
  47          "sil" 7392  55373.265625 58325.347656 35222.507812
