   1            "b" 2489  4935.694336 5338.602539 6139.300293
   2            "d" 5021  10247.663086 7943.427734 7972.256348
   3            "f" 2207  7112.623535 9932.816406 5439.997070
   4            "g" 1465  3523.250977 3540.242432 4382.028809
   5            "k" 4539  17709.541016 10716.073242 12154.147461
   6            "l" 4883  15322.138672 14231.562500 13253.817383
   7            "m" 3570  8261.100586 10169.927734 9116.726562
   8            "n" 7524  14130.542969 13162.400391 20823.058594
   9            "p" 2966  7629.789062 9550.173828 9257.263672
  10            "r" 5454  12198.037109 12685.416992 13093.295898
  11            "s" 6148  17034.707031 26129.121094 26876.578125
  12            "t" 7847  18258.458984 14063.509766 14004.976562
  13            "v" 2074  4134.744141 4321.593750 4390.869629
  14            "w" 2218  6607.723145 6407.696289 6657.461426
  15            "y" 1229  3321.142090 2857.127441 3368.355225
  16            "z" 4203  13936.581055 17430.810547 12510.402344
  17           "aa" 2210  5437.140137 7461.292480 12330.648438
  18           "ae" 2959  6674.419922 9617.672852 14422.726562
  19           "ah" 4464  6660.439453 7302.104492 10566.002930
  20           "ao" 1893  4868.480957 6571.437012 9837.660156
  21           "aw"  771  2547.379150 4087.659180 5150.605469
  22           "ax" 4616  7260.107910 5983.833496 5510.856445
  23           "ay" 2058  6600.090332 10024.193359 12771.210938
  24           "ch"  805  3417.542725 3666.023926 2932.649170
  25           "dh" 2551  5980.920898 3887.730713 3644.422607
  26           "eh" 3005  5114.043457 6801.340332 9882.602539
  27           "el"  635  1484.165283 2207.944824 3424.118164
  28           "em"   34  166.926636 188.687103 167.746948
  29           "en"  161  744.114075 440.275208 332.057587
  30           "er" 2601  6840.977051 7701.234863 11729.603516
  31           "ey" 2137  5402.547852 8281.466797 10826.992188
  32           "hh" 1741  4478.459961 4047.282471 3464.469727
  33           "ih" 6902  10377.502930 10709.299805 14867.900391
  34           "ix" 2102  2934.176514 3481.635254 2938.277100
  35           "iy" 5052  19966.009766 14662.824219 12756.933594
  36           "jh" 1048  4255.873047 3824.027344 3202.924561
  37           "ng" 1250  3650.801514 3090.826172 5118.447266
  38           "ow" 1715  4397.483887 7012.753906 8308.399414
  39           "oy"  306  1216.908569 1577.348511 2208.443115
  40           "sh" 1243  3974.225098 5016.194824 6892.807617
  41           "sp" 26436  55374.644531 58330.023438 35779.796875
  42           "th"  783  2088.488525 2840.462646 2302.539551
  43           "uh"  675  898.516846 1044.696777 1629.831299
  44           "uw" 2178  7260.279297 4360.645020 5571.261719
  45           "zh"   84  439.344696 359.512115 235.170700
  46          "axr" 1001  3387.437744 2622.791748 2527.902832
  47          "sil" 7392  55374.644531 58330.023438 35779.796875
