   1            "b" 2489  4835.140137 5312.491211 6287.930664
   2            "d" 5021  10441.958984 7585.248535 7860.531738
   3            "f" 2207  7110.044434 9844.750000 5377.912598
   4            "g" 1465  3388.490967 3577.129883 4193.993652
   5            "k" 4539  17920.203125 10576.712891 12088.321289
   6            "l" 4883  15070.331055 14501.413086 13268.294922
   7            "m" 3570  7878.442871 10361.888672 8853.900391
   8            "n" 7524  14365.054688 13027.299805 20403.236328
   9            "p" 2966  7662.513184 9604.766602 9183.144531
  10            "r" 5454  12348.243164 12797.918945 13227.284180
  11            "s" 6148  16246.135742 24886.867188 28996.783203
  12            "t" 7847  19038.080078 14505.306641 12997.296875
  13            "v" 2074  4217.669922 4180.290039 4185.908203
  14            "w" 2218  6470.942871 6389.704590 6647.157715
  15            "y" 1229  3271.550293 2790.516602 3315.021973
  16            "z" 4203  14295.274414 17991.935547 12045.191406
  17           "aa" 2210  5491.040527 7225.805176 12630.979492
  18           "ae" 2959  6199.510254 9314.083008 15370.535156
  19           "ah" 4464  6540.022949 7093.039062 10938.916992
  20           "ao" 1893  4563.016602 6676.817871 9882.267578
  21           "aw"  771  2429.059326 3886.060547 5527.677246
  22           "ax" 4616  7311.508789 5984.488281 5411.971191
  23           "ay" 2058  6238.563965 9579.246094 13329.688477
  24           "ch"  805  3425.228516 3656.990234 2864.078125
  25           "dh" 2551  5960.714355 3745.938965 3501.247070
  26           "eh" 3005  5003.788086 6673.681641 10074.011719
  27           "el"  635  1403.817383 2136.041260 3379.291260
  28           "em"   34  164.567261 190.716980 166.228195
  29           "en"  161  761.203247 428.270355 321.399323
  30           "er" 2601  6267.783203 7849.644531 12338.344727
  31           "ey" 2137  5207.300781 7769.216309 11664.298828
  32           "hh" 1741  4410.591309 4000.712158 3394.890625
  33           "ih" 6902  9702.378906 10837.683594 15476.829102
  34           "ix" 2102  2908.088135 3512.120605 2987.922119
  35           "iy" 5052  20460.775391 15028.307617 12364.472656
  36           "jh" 1048  4330.337891 3855.803955 3043.376465
  37           "ng" 1250  3729.849609 2952.776611 5110.369629
  38           "ow" 1715  4177.088867 6829.413574 8646.571289
  39           "oy"  306  1135.049927 1575.151245 2257.005859
  40           "sh" 1243  3886.760742 4957.844238 7033.387207
  41           "sp" 26436  57158.062500 57461.953125 35933.636719
  42           "th"  783  2077.079102 2906.744873 2232.416748
  43           "uh"  675  857.177185 1107.685913 1561.680298
  44           "uw" 2178  7250.927246 4357.997070 5685.506348
  45           "zh"   84  424.314789 355.799500 218.780640
  46          "axr" 1001  3536.191406 2430.075195 2562.473389
  47          "sil" 7392  57158.062500 57461.953125 35933.636719
