   1            "b" 2181  4349.394043 5732.497070 5909.826172
   2            "d" 4296  10334.194336 6979.634277 5659.432129
   3            "f" 2215  10722.829102 7523.768555 4525.029297
   4            "g" 1191  2446.982910 2859.932861 4016.853027
   5            "k" 3794  15235.663086 9767.500977 10877.985352
   6            "l" 4425  14579.497070 13805.533203 11942.820312
   7            "m" 3442  7548.693848 8045.364746 11940.275391
   8            "n" 6896  13931.700195 12194.254883 19846.509766
   9            "p" 2588  11864.975586 6768.876465 5702.071777
  10            "r" 4681  10347.019531 11075.883789 11806.921875
  11            "s" 6176  17586.017578 24637.673828 35024.421875
  12            "t" 3948  14687.770508 9132.191406 10736.473633
  13            "v" 1994  4756.405762 3904.814941 3782.994873
  14            "w" 2216  6964.451660 6623.990723 6242.965332
  15            "y"  995  3045.868164 2664.805420 2876.965332
  16            "z" 3682  12982.529297 14760.424805 9921.150391
  17           "aa" 2256  5489.770508 7494.021484 13541.998047
  18           "ae" 2292  4905.210938 8859.331055 14332.740234
  19           "ah" 2266  4135.784668 5345.601562 7894.560547
  20           "ao" 1865  4549.481445 7082.060059 10604.999023
  21           "aw"  728  1896.692993 4008.275879 5876.611328
  22           "ax" 3892  5572.461914 5527.145020 4831.057617
  23           "ay" 1934  5200.150391 9343.041016 14171.461914
  24           "ch"  820  3301.419922 4220.989746 2895.181152
  25           "dh" 2376  6062.507812 3912.452637 3565.923096
  26           "eh" 3277  5359.623535 7892.577637 12035.193359
  27           "el"  951  2185.430420 3083.032715 5079.690918
  28           "em"  124  359.642700 498.414429 290.263245
  29           "en"  630  2640.677734 1908.886108 1601.028198
  30           "er" 1693  4427.071777 6403.658691 8987.533203
  31           "ey" 2271  5412.014648 8837.249023 12453.323242
  32           "hh" 1660  4100.954102 4610.411621 3457.208740
  33           "ih" 4248  6662.886230 8281.597656 11836.926758
  34           "ix" 7370  11379.174805 11186.672852 9978.241211
  35           "iy" 4626  20348.568359 14012.503906 11400.825195
  36           "jh" 1013  4358.399414 3622.723389 3021.087646
  37           "ng" 1220  3398.307617 2866.896484 4663.666504
  38           "ow" 1653  4298.383301 6730.558105 8949.352539
  39           "oy"  304  773.825317 1389.131714 2902.015625
  40           "sh" 1317  4159.054199 5139.150879 8554.200195
  41           "sp" 26402  60884.296875 57814.179688 41211.789062
  42           "th"  745  2723.093506 2798.170166 1869.713501
  43           "uh"  500  841.059937 932.829468 1615.578003
  44           "uw" 1952  7306.670898 4608.682617 5315.665039
  45           "zh"  149  694.039856 629.184998 378.390045
  46          "axr" 2445  8858.397461 5535.037109 5884.928711
  47          "sil" 8283  60884.296875 57814.179688 41211.789062
