   1            "b" 2181  5013.240723 5640.308594 5881.621582
   2            "d" 4296  10028.344727 7308.502441 6266.306152
   3            "f" 2215  9067.962891 9179.502930 5090.166016
   4            "g" 1191  2714.824219 2926.666504 4083.342773
   5            "k" 3794  15386.530273 9591.620117 11491.394531
   6            "l" 4425  14554.495117 12944.070312 12727.533203
   7            "m" 3442  8060.996582 8647.275391 11678.123047
   8            "n" 6896  14369.356445 12491.763672 19836.980469
   9            "p" 2588  11520.311523 7165.371582 6116.286621
  10            "r" 4681  10680.473633 10749.536133 12041.108398
  11            "s" 6176  19039.902344 26589.992188 31143.316406
  12            "t" 3948  14900.380859 8996.214844 11094.433594
  13            "v" 1994  4710.596680 4148.207031 4111.060059
  14            "w" 2216  7218.983398 6582.539062 6355.200195
  15            "y"  995  3049.913330 2659.600098 2828.081299
  16            "z" 3682  12837.316406 13955.071289 10572.303711
  17           "aa" 2256  5752.320312 8038.772949 12289.261719
  18           "ae" 2292  5692.333008 8633.134766 13315.498047
  19           "ah" 2266  4212.686523 5419.399414 7269.363281
  20           "ao" 1865  5184.915527 6927.875488 10048.863281
  21           "aw"  728  2243.000977 3990.929688 5296.718750
  22           "ax" 3892  5533.730957 5370.141602 4948.917969
  23           "ay" 1934  5977.404785 9847.762695 12673.690430
  24           "ch"  820  3383.621582 4038.977051 3059.856445
  25           "dh" 2376  5971.319824 4248.650879 3898.697510
  26           "eh" 3277  5850.872559 8056.336914 11023.811523
  27           "el"  951  2377.824951 3413.072754 4798.557617
  28           "em"  124  377.504822 492.298157 298.266693
  29           "en"  630  2437.088135 2060.329834 1679.979004
  30           "er" 1693  4938.077637 6556.947754 8434.330078
  31           "ey" 2271  6238.559082 9525.580078 10754.133789
  32           "hh" 1660  4338.842773 4603.375488 3651.762207
  33           "ih" 4248  7372.223633 8373.617188 10871.742188
  34           "ix" 7370  11343.339844 10055.210938 10816.486328
  35           "iy" 4626  17195.142578 15171.985352 12355.160156
  36           "jh" 1013  4597.482910 3557.089844 3114.935059
  37           "ng" 1220  3408.678955 3068.852051 4550.456055
  38           "ow" 1653  4547.263672 7122.889648 8157.463379
  39           "oy"  304  888.002625 1414.129761 2775.700195
  40           "sh" 1317  4376.312988 5667.012207 7909.731934
  41           "sp" 26402  57765.160156 57808.292969 40828.257812
  42           "th"  745  2686.489990 2827.737793 2088.169922
  43           "uh"  500  924.401978 1006.944092 1622.544922
  44           "uw" 1952  6995.280762 4796.470703 5505.205078
  45           "zh"  149  714.253662 627.567017 377.740845
  46          "axr" 2445  7740.868164 6126.410645 6348.224609
  47          "sil" 8283  57765.160156 57808.292969 40828.257812
