   1            "b" 2181  2638.303467 4189.722656 6330.064453
   2            "d" 4296  8417.231445 7349.742676 14544.620117
   3            "f" 2215  11528.157227 4569.642578 4216.044434
   4            "g" 1191  2050.692383 2084.677246 2915.099365
   5            "k" 3794  10488.250000 7197.589355 9682.884766
   6            "l" 4425  18232.251953 35936.691406 14275.940430
   7            "m" 3442  6717.793945 4609.275879 14647.566406
   8            "n" 6896  29715.966797 8005.087891 24893.591797
   9            "p" 2588  11382.082031 7268.287109 6429.602051
  10            "r" 4681  7496.654297 7655.536621 14234.837891
  11            "s" 6176  12668.291992 11858.853516 46700.664062
  12            "t" 3948  12191.917969 7112.422852 7302.901855
  13            "v" 1994  4704.944336 3053.887451 4837.540527
  14            "w" 2216  8695.075195 12774.750977 4737.577148
  15            "y"  995  2623.460449 2035.148315 6698.686523
  16            "z" 3682  14576.331055 12868.841797 8132.108887
  17           "aa" 2256  3697.075439 4894.077637 21115.345703
  18           "ae" 2292  3445.283203 4299.366211 11090.495117
  19           "ah" 2266  3742.209229 3833.286377 12292.272461
  20           "ao" 1865  2496.749268 3384.302002 16375.357422
  21           "aw"  728  1137.333008 1704.079346 8272.639648
  22           "ax" 3892  7474.925781 7199.346680 8581.653320
  23           "ay" 1934  3173.077393 4170.701172 18663.828125
  24           "ch"  820  3600.457275 3451.802979 2172.643555
  25           "dh" 2376  9267.804688 8775.354492 4073.172852
  26           "eh" 3277  5570.257812 5734.600098 15414.289062
  27           "el"  951  1443.887939 2267.290039 7954.321289
  28           "em"  124  297.331665 255.573639 327.617340
  29           "en"  630  3063.002441 922.837585 1033.795776
  30           "er" 1693  2291.751221 3232.826904 15193.959961
  31           "ey" 2271  4313.890137 3706.571533 5877.524902
  32           "hh" 1660  5210.459473 8982.976562 3500.542969
  33           "ih" 4248  7896.415527 7082.323242 18885.851562
  34           "ix" 7370  13484.919922 24914.255859 19417.382812
  35           "iy" 4626  11797.500000 6791.457520 8161.853027
  36           "jh" 1013  4662.260742 3485.427979 2329.614990
  37           "ng" 1220  1675.268921 1599.203735 7767.237793
  38           "ow" 1653  2259.070801 3115.835205 12537.569336
  39           "oy"  304  375.114441 756.858398 3631.924072
  40           "sh" 1317  2773.837402 2374.208496 11049.532227
  41           "th"  745  3783.218018 1747.310669 1986.002319
  42           "uh"  500  1408.020996 1241.033081 1910.778076
  43           "uw" 1952  4270.715332 3219.506592 3762.631836
  44           "zh"  149  734.877930 327.061493 496.243927
  45          "axr" 2445  5657.573730 3589.567383 3847.237305
  46          "sil" 8283  51650.730469 56133.707031 27891.357422
