   1            "b" 2489  5094.416016 5357.546875 6032.827148
   2            "d" 5021  10147.893555 8121.240723 7993.916504
   3            "f" 2207  7221.170410 9925.987305 5403.796387
   4            "g" 1465  3651.677246 3498.290039 4433.811035
   5            "k" 4539  17340.326172 10823.235352 12144.228516
   6            "l" 4883  15775.611328 13620.103516 13464.122070
   7            "m" 3570  8700.011719 10073.147461 9190.831055
   8            "n" 7524  14147.300781 13356.093750 21095.369141
   9            "p" 2966  8006.945801 9254.335938 9257.476562
  10            "r" 5454  12448.217773 12715.254883 13030.142578
  11            "s" 6148  17611.623047 25925.640625 26128.796875
  12            "t" 7847  18300.792969 13930.509766 14176.265625
  13            "v" 2074  4208.817383 4277.361816 4412.620605
  14            "w" 2218  6787.314941 6318.380371 6716.799805
  15            "y" 1229  3354.946045 2863.248291 3356.153564
  16            "z" 4203  13765.517578 16959.625000 12971.287109
  17           "aa" 2210  5455.347168 7584.261230 11941.740234
  18           "ae" 2959  6932.104492 9795.867188 13862.260742
  19           "ah" 4464  6712.512207 7434.336914 10189.025391
  20           "ao" 1893  5068.347656 6362.641113 9929.482422
  21           "aw"  771  2616.572021 4247.964844 4920.479004
  22           "ax" 4616  7284.600586 5873.394043 5557.490723
  23           "ay" 2058  6818.696777 9923.266602 12620.122070
  24           "ch"  805  3465.806396 3632.278076 2918.692871
  25           "dh" 2551  6026.491211 3887.810059 3756.475586
  26           "eh" 3005  5152.044434 6812.435547 9666.396484
  27           "el"  635  1548.843994 2289.048340 3329.532715
  28           "em"   34  167.124634 188.230682 169.061569
  29           "en"  161  750.381470 444.800201 340.822693
  30           "er" 2601  7115.491211 7696.473633 11488.219727
  31           "ey" 2137  5711.013184 8428.501953 10375.405273
  32           "hh" 1741  4544.383789 4044.189941 3454.220215
  33           "ih" 6902  10581.067383 10670.380859 14498.827148
  34           "ix" 2102  2883.880371 3502.534912 2961.315430
  35           "iy" 5052  19653.574219 14761.945312 12897.738281
  36           "jh" 1048  4279.362793 3720.989746 3291.941406
  37           "ng" 1250  3638.696289 3200.486328 5013.933594
  38           "ow" 1715  4450.725586 7032.105469 8156.004883
  39           "oy"  306  1234.033325 1558.296509 2228.121582
  40           "sh" 1243  4092.488525 4966.281250 6862.678711
  41           "sp" 26436  55404.449219 58350.902344 35230.074219
  42           "th"  783  2102.913330 2785.627441 2372.276611
  43           "uh"  675  899.705688 1056.121216 1657.018188
  44           "uw" 2178  7060.334961 4533.643066 5622.249512
  45           "zh"   84  448.296387 361.800415 239.447372
  46          "axr" 1001  3313.761475 2704.322021 2514.373047
  47          "sil" 7392  55404.449219 58350.902344 35230.074219
