   1            "b" 2181  4289.408203 5751.997559 5917.909668
   2            "d" 4296  10310.307617 6955.236328 5623.013672
   3            "f" 2215  10809.190430 7369.928223 4476.669922
   4            "g" 1191  2434.872070 2843.299316 4007.850830
   5            "k" 3794  15221.216797 9780.894531 10830.969727
   6            "l" 4425  14544.744141 13844.591797 11949.067383
   7            "m" 3442  7524.592773 8007.043945 11912.511719
   8            "n" 6896  13967.508789 12068.826172 19905.046875
   9            "p" 2588  11836.159180 6775.745605 5665.361816
  10            "r" 4681  10423.971680 11045.919922 11724.399414
  11            "s" 6176  17422.617188 24326.828125 35584.109375
  12            "t" 3948  14627.277344 9119.779297 10751.182617
  13            "v" 1994  4780.844727 3872.958252 3730.619629
  14            "w" 2216  6940.124023 6660.685547 6237.781250
  15            "y"  995  3028.876953 2664.734131 2869.710449
  16            "z" 3682  13052.806641 14779.278320 9902.163086
  17           "aa" 2256  5475.263184 7456.084961 13612.748047
  18           "ae" 2292  4810.645508 8907.063477 14354.344727
  19           "ah" 2266  4146.488770 5308.820801 7984.063965
  20           "ao" 1865  4450.453613 7113.802734 10621.360352
  21           "aw"  728  1864.939941 3967.176270 5958.491211
  22           "ax" 3892  5610.422852 5558.094238 4821.278320
  23           "ay" 1934  5095.250488 9333.622070 14280.710938
  24           "ch"  820  3293.165771 4237.637695 2866.940430
  25           "dh" 2376  6070.210938 3880.980713 3509.208252
  26           "eh" 3277  5334.882324 7868.503418 12122.806641
  27           "el"  951  2153.012451 3077.875244 5081.902344
  28           "em"  124  359.931091 498.472443 289.258057
  29           "en"  630  2658.557861 1888.561890 1593.914673
  30           "er" 1693  4378.135254 6376.941406 9091.458008
  31           "ey" 2271  5353.645996 8741.650391 12643.495117
  32           "hh" 1660  4106.011230 4596.430176 3465.577637
  33           "ih" 4248  6585.489258 8322.510742 11902.168945
  34           "ix" 7370  11360.074219 11342.607422 9903.631836
  35           "iy" 4626  20650.093750 13975.136719 11320.568359
  36           "jh" 1013  4359.651367 3619.035645 3005.133789
  37           "ng" 1220  3388.953857 2856.052002 4643.209961
  38           "ow" 1653  4219.065430 6673.237793 9107.950195
  39           "oy"  304  764.595459 1390.745972 2915.189697
  40           "sh" 1317  4129.518066 5126.529297 8580.648438
  41           "sp" 26402  61106.042969 57806.734375 41280.855469
  42           "th"  745  2723.500977 2791.431152 1855.104492
  43           "uh"  500  833.737244 931.608887 1608.723999
  44           "uw" 1952  7329.229980 4592.962891 5315.081055
  45           "zh"  149  697.416199 622.343323 378.557434
  46          "axr" 2445  8932.482422 5501.623535 5844.195312
  47          "sil" 8283  61106.042969 57806.734375 41280.855469
