   1            "b" 2181  4964.306641 5638.566406 5878.901855
   2            "d" 4296  10085.458008 7263.238281 6203.429199
   3            "f" 2215  9243.046875 9073.601562 5039.006836
   4            "g" 1191  2697.956055 2924.812500 4077.440918
   5            "k" 3794  15401.381836 9585.326172 11422.497070
   6            "l" 4425  14587.265625 12971.759766 12757.909180
   7            "m" 3442  8040.670410 8608.548828 11681.211914
   8            "n" 6896  14331.865234 12362.305664 19969.976562
   9            "p" 2588  11572.847656 7089.884766 6103.531738
  10            "r" 4681  10577.025391 10778.730469 11974.300781
  11            "s" 6176  19078.048828 26579.109375 31281.859375
  12            "t" 3948  14857.547852 8989.354492 11078.021484
  13            "v" 1994  4690.197266 4154.271484 4090.261963
  14            "w" 2216  7248.323242 6577.791504 6297.106445
  15            "y"  995  3056.813232 2689.191650 2810.412109
  16            "z" 3682  12910.887695 13956.072266 10550.273438
  17           "aa" 2256  5751.718262 7951.828125 12397.603516
  18           "ae" 2292  5610.724121 8634.932617 13425.555664
  19           "ah" 2266  4167.408691 5423.071777 7304.665527
  20           "ao" 1865  5158.289551 6892.478027 10150.986328
  21           "aw"  728  2219.604980 3997.905762 5343.186523
  22           "ax" 3892  5562.479492 5355.258301 4952.985840
  23           "ay" 1934  5928.551270 9728.194336 12851.191406
  24           "ch"  820  3377.999268 4054.182617 3046.685303
  25           "dh" 2376  6014.315918 4228.550781 3874.507324
  26           "eh" 3277  5798.074707 8013.538574 11089.012695
  27           "el"  951  2377.448486 3395.538086 4806.650391
  28           "em"  124  374.509491 492.886292 299.739471
  29           "en"  630  2455.004395 2054.291992 1674.495605
  30           "er" 1693  4898.724609 6571.389160 8454.997070
  31           "ey" 2271  6201.120605 9419.800781 10913.924805
  32           "hh" 1660  4327.064453 4599.851074 3609.658936
  33           "ih" 4248  7253.275879 8374.044922 10971.650391
  34           "ix" 7370  11292.270508 10131.773438 10734.438477
  35           "iy" 4626  17499.281250 15019.020508 12273.915039
  36           "jh" 1013  4615.764160 3561.078125 3103.551270
  37           "ng" 1220  3407.782715 3043.835693 4558.999512
  38           "ow" 1653  4544.326660 7030.063477 8255.006836
  39           "oy"  304  878.932922 1407.497559 2792.799316
  40           "sh" 1317  4374.380859 5590.189453 7968.539062
  41           "sp" 26402  58014.105469 57896.566406 40755.808594
  42           "th"  745  2686.790283 2822.787598 2064.151611
  43           "uh"  500  920.513855 1001.118835 1624.065063
  44           "uw" 1952  7044.686523 4778.359375 5465.456055
  45           "zh"  149  717.567261 629.313477 379.434204
  46          "axr" 2445  7789.853027 6103.738770 6314.803223
  47          "sil" 8283  58014.105469 57896.566406 40755.808594
