   1            "b" 2181  4252.932129 5747.508789 5918.044434
   2            "d" 4296  10254.395508 6920.830566 5603.813965
   3            "f" 2215  10915.028320 7194.384766 4433.873535
   4            "g" 1191  2416.216797 2824.932129 3996.632568
   5            "k" 3794  15199.873047 9759.576172 10798.026367
   6            "l" 4425  14485.749023 13921.497070 11962.979492
   7            "m" 3442  7506.161621 7960.530273 11898.489258
   8            "n" 6896  14006.583008 11917.865234 20038.132812
   9            "p" 2588  11804.567383 6794.214355 5614.605469
  10            "r" 4681  10490.144531 10985.476562 11621.684570
  11            "s" 6176  17208.035156 23868.496094 36348.980469
  12            "t" 3948  14503.986328 9097.399414 10808.784180
  13            "v" 1994  4819.402344 3842.675537 3684.291992
  14            "w" 2216  6906.962402 6706.471191 6230.095703
  15            "y"  995  3002.965576 2674.553955 2854.669434
  16            "z" 3682  13162.748047 14804.717773 9902.422852
  17           "aa" 2256  5448.594727 7377.823730 13699.290039
  18           "ae" 2292  4699.777832 8967.026367 14387.075195
  19           "ah" 2266  4154.694336 5267.639160 8078.618164
  20           "ao" 1865  4334.709473 7107.471191 10706.115234
  21           "aw"  728  1827.490112 3938.391357 6043.649902
  22           "ax" 3892  5654.405273 5579.890137 4820.333008
  23           "ay" 1934  4974.645020 9308.838867 14415.532227
  24           "ch"  820  3278.504883 4264.729492 2830.145996
  25           "dh" 2376  6076.878418 3849.646729 3445.931396
  26           "eh" 3277  5300.625000 7836.778809 12256.507812
  27           "el"  951  2114.287109 3073.583008 5084.865234
  28           "em"  124  361.321167 500.689575 285.809967
  29           "en"  630  2666.384277 1876.474243 1592.152222
  30           "er" 1693  4319.945801 6305.966309 9240.140625
  31           "ey" 2271  5282.434570 8645.461914 12860.623047
  32           "hh" 1660  4109.826660 4565.623535 3483.813721
  33           "ih" 4248  6484.875977 8370.527344 11994.089844
  34           "ix" 7370  11349.510742 11487.834961 9835.343750
  35           "iy" 4626  21069.072266 13885.004883 11188.657227
  36           "jh" 1013  4377.569824 3611.097168 2990.125000
  37           "ng" 1220  3360.704102 2842.518066 4645.131348
  38           "ow" 1653  4107.550781 6618.975098 9279.514648
  39           "oy"  304  756.228149 1391.381836 2927.349609
  40           "sh" 1317  4104.085449 5108.108398 8629.719727
  41           "sp" 26402  61329.121094 57796.011719 41291.738281
  42           "th"  745  2728.643799 2805.350830 1825.768799
  43           "uh"  500  826.118774 928.498413 1606.868042
  44           "uw" 1952  7348.296875 4580.705566 5322.123535
  45           "zh"  149  697.086304 617.418762 379.524048
  46          "axr" 2445  8982.088867 5483.006348 5796.443359
  47          "sil" 8283  61329.121094 57796.011719 41291.738281
