   1            "b" 2489  3413.881104 3454.157227 8155.010742
   2            "d" 5021  13916.642578 6482.258789 6896.208008
   3            "f" 2207  12312.199219 5076.722656 2952.278076
   4            "g" 1465  2496.696533 2535.569092 4423.555176
   5            "k" 4539  12719.470703 8999.028320 16765.931641
   6            "l" 4883  15298.653320 24807.404297 12207.831055
   7            "m" 3570  6556.010742 5829.424805 10485.930664
   8            "n" 7524  24474.490234 14635.130859 23627.984375
   9            "p" 2966  13907.230469 7703.395020 4057.939941
  10            "r" 5454  6491.798828 7972.750488 15475.709961
  11            "s" 6148  12982.229492 12856.544922 40230.164062
  12            "t" 7847  22612.445312 13155.649414 12434.425781
  13            "v" 2074  5076.332031 3473.277344 2460.080078
  14            "w" 2218  5629.541016 8437.101562 4530.411133
  15            "y" 1229  3165.263428 2688.515381 5260.517090
  16            "z" 4203  14676.999023 19398.798828 9146.023438
  17           "aa" 2210  3695.878174 5044.471680 18547.173828
  18           "ae" 2959  3830.118896 4949.062012 20670.427734
  19           "ah" 4464  6451.662598 6391.898438 14338.773438
  20           "ao" 1893  3271.392822 4167.120117 13999.395508
  21           "aw"  771  1334.239990 1986.860474 7707.127930
  22           "ax" 4616  6785.436035 6714.517578 6288.565430
  23           "ay" 2058  3321.505127 5317.130859 20601.732422
  24           "ch"  805  3574.855957 3863.767822 2110.794922
  25           "dh" 2551  5182.503418 3012.939697 2794.599854
  26           "eh" 3005  4091.650391 4716.265137 14990.172852
  27           "el"  635  888.932190 1467.753906 4718.843262
  28           "em"   34  131.962875 192.863419 110.478958
  29           "en"  161  843.738098 262.022644 216.541885
  30           "er" 2601  3838.395264 5408.402832 17238.443359
  31           "ey" 2137  2784.915039 3063.463135 18058.791016
  32           "hh" 1741  3947.458008 4196.612793 2815.159424
  33           "ih" 6902  9331.715820 9418.717773 20793.099609
  34           "ix" 2102  3275.499023 4109.421387 3130.617676
  35           "iy" 5052  33921.593750 7703.527344 5750.482910
  36           "jh" 1048  4745.077148 3209.047607 2093.979492
  37           "ng" 1250  1978.718140 2920.821777 6407.483398
  38           "ow" 1715  2844.594482 3809.380615 11944.447266
  39           "oy"  306  574.697205 868.179749 3110.269775
  40           "sh" 1243  2847.783691 2691.150879 9392.717773
  41           "sp" 26436  57511.769531 53207.140625 40880.675781
  42           "th"  783  3316.759766 2511.435791 1045.005005
  43           "uh"  675  983.161377 973.603149 1729.333740
  44           "uw" 2178  8785.856445 2587.838623 3219.510986
  45           "zh"   84  411.063843 295.963470 137.186417
  46          "axr" 1001  4898.976074 1782.917480 1315.407104
  47          "sil" 7392  57511.769531 53207.140625 40880.675781
