   1            "b" 2181  5043.602539 5645.095215 5884.843750
   2            "d" 4296  10008.134766 7336.099121 6294.393555
   3            "f" 2215  8974.262695 9261.513672 5132.592773
   4            "g" 1191  2729.069092 2931.932861 4083.181641
   5            "k" 3794  15343.884766 9617.074219 11545.659180
   6            "l" 4425  14505.297852 12925.750977 12733.693359
   7            "m" 3442  8076.731445 8708.618164 11638.353516
   8            "n" 6896  14388.690430 12527.169922 19839.890625
   9            "p" 2588  11497.701172 7185.805176 6131.665039
  10            "r" 4681  10685.750977 10751.447266 12075.175781
  11            "s" 6176  19067.416016 26725.917969 30940.972656
  12            "t" 3948  14909.488281 9013.806641 11088.544922
  13            "v" 1994  4708.952637 4138.371582 4128.504395
  14            "w" 2216  7232.631836 6598.778809 6368.361816
  15            "y"  995  3049.470947 2652.431152 2835.277832
  16            "z" 3682  12820.724609 13963.266602 10559.049805
  17           "aa" 2256  5768.551758 8088.359863 12204.760742
  18           "ae" 2292  5732.980957 8657.777344 13236.714844
  19           "ah" 2266  4245.072266 5415.446777 7238.866699
  20           "ao" 1865  5190.192383 6939.449707 10035.549805
  21           "aw"  728  2267.762939 3977.090576 5277.500977
  22           "ax" 3892  5518.787598 5357.134277 4956.151367
  23           "ay" 1934  5996.169434 9925.625000 12578.638672
  24           "ch"  820  3399.817627 4030.906494 3065.302246
  25           "dh" 2376  5969.358887 4235.573242 3913.090332
  26           "eh" 3277  5877.318359 8077.569824 10985.041016
  27           "el"  951  2383.816406 3424.833008 4808.408203
  28           "em"  124  379.515472 492.904846 298.887268
  29           "en"  630  2425.667480 2064.188965 1682.237915
  30           "er" 1693  4974.768555 6563.345215 8382.684570
  31           "ey" 2271  6242.035156 9537.919922 10713.459961
  32           "hh" 1660  4351.080566 4614.879883 3654.863281
  33           "ih" 4248  7403.290039 8370.837891 10795.876953
  34           "ix" 7370  11339.291992 10036.523438 10817.729492
  35           "iy" 4626  17062.427734 15200.748047 12403.057617
  36           "jh" 1013  4592.723145 3563.969238 3125.067139
  37           "ng" 1220  3413.594238 3081.853271 4553.316895
  38           "ow" 1653  4571.283203 7120.304688 8132.052246
  39           "oy"  304  897.689514 1415.868164 2768.459961
  40           "sh" 1317  4390.405273 5709.877930 7875.804199
  41           "sp" 26402  57688.519531 57721.562500 40819.332031
  42           "th"  745  2691.897705 2823.951172 2098.465820
  43           "uh"  500  926.975281 1009.182739 1619.949097
  44           "uw" 1952  6966.719727 4797.490723 5526.961914
  45           "zh"  149  714.973328 627.322876 378.703674
  46          "axr" 2445  7717.448242 6121.497559 6368.272461
  47          "sil" 8283  57688.519531 57721.562500 40819.332031
