   1            "b" 2489  3622.031250 3975.887451 7742.507324
   2            "d" 5021  13526.573242 6459.214355 6080.137207
   3            "f" 2207  11170.925781 6401.937012 3146.948242
   4            "g" 1465  2588.342041 2723.086914 4301.435059
   5            "k" 4539  12285.984375 9358.359375 17299.375000
   6            "l" 4883  14195.817383 23456.863281 12363.987305
   7            "m" 3570  6673.671387 5995.973633 10521.929688
   8            "n" 7524  22036.925781 14265.832031 23126.310547
   9            "p" 2966  13346.079102 8050.496094 4505.510742
  10            "r" 5454  6842.280762 8766.897461 14917.815430
  11            "s" 6148  13267.544922 12922.681641 40158.417969
  12            "t" 7847  22154.291016 13951.505859 12774.250977
  13            "v" 2074  4933.713379 3712.466309 2520.375244
  14            "w" 2218  5532.247070 8368.676758 4596.415039
  15            "y" 1229  3216.256348 2600.530273 5111.229980
  16            "z" 4203  14527.764648 19206.566406 9772.352539
  17           "aa" 2210  3881.083252 5153.220703 18147.962891
  18           "ae" 2959  4224.583496 5225.352539 20996.898438
  19           "ah" 4464  6495.238770 6313.301758 14145.851562
  20           "ao" 1893  3442.237793 4270.884766 13856.760742
  21           "aw"  771  1354.562134 2035.421265 7656.550293
  22           "ax" 4616  7049.350098 6764.653809 5968.507812
  23           "ay" 2058  3424.635986 5342.014160 20232.582031
  24           "ch"  805  3598.855225 3874.730713 2162.136963
  25           "dh" 2551  5492.490234 2799.202881 2877.227051
  26           "eh" 3005  4202.266113 4871.187500 14831.374023
  27           "el"  635  921.886230 1453.240112 4578.822266
  28           "em"   34  136.099426 196.769791 114.453094
  29           "en"  161  855.448547 258.538483 215.589996
  30           "er" 2601  3942.198975 5409.199707 17027.439453
  31           "ey" 2137  3146.570068 3743.628174 17555.632812
  32           "hh" 1741  3531.643066 3942.838379 3219.358154
  33           "ih" 6902  9305.176758 9464.599609 20604.031250
  34           "ix" 2102  3293.457031 4216.937988 2979.093262
  35           "iy" 5052  33790.429688 8405.999023 6132.142578
  36           "jh" 1048  4576.770508 3505.676758 2118.911133
  37           "ng" 1250  2322.437988 2982.250977 6181.939941
  38           "ow" 1715  2928.824951 3873.158691 11883.668945
  39           "oy"  306  640.497131 1000.916443 2933.062744
  40           "sh" 1243  2926.652588 2707.891113 9331.647461
  41           "sp" 26436  57855.843750 53235.468750 40674.058594
  42           "th"  783  2773.540771 3050.173096 1098.062134
  43           "uh"  675  1001.437134 945.581482 1750.029419
  44           "uw" 2178  8904.324219 2650.497070 3606.460205
  45           "zh"   84  401.015808 349.975891 133.917160
  46          "axr" 1001  4990.423340 1805.756470 1400.629395
  47          "sil" 7392  57855.843750 53235.468750 40674.058594
