   1            "b" 2489  5212.846191 5459.243652 6047.545410
   2            "d" 5021  10054.780273 8215.191406 8115.557617
   3            "f" 2207  7199.560547 9909.789062 5479.873047
   4            "g" 1465  3727.781006 3432.056885 4466.208496
   5            "k" 4539  17331.687500 10883.934570 12257.196289
   6            "l" 4883  15888.817383 13409.792969 13581.135742
   7            "m" 3570  9116.698242 9965.745117 9305.508789
   8            "n" 7524  14491.584961 13363.574219 21021.240234
   9            "p" 2966  8209.030273 9122.478516 9222.170898
  10            "r" 5454  12507.450195 12668.555664 12866.340820
  11            "s" 6148  18268.279297 25079.644531 25918.146484
  12            "t" 7847  18348.173828 13814.449219 14403.238281
  13            "v" 2074  4254.248047 4315.870117 4416.484375
  14            "w" 2218  6900.619629 6265.547363 6693.413574
  15            "y" 1229  3352.465088 2832.779541 3360.068848
  16            "z" 4203  13640.630859 16499.617188 13402.696289
  17           "aa" 2210  5449.854004 7771.396484 11732.463867
  18           "ae" 2959  7039.677246 9932.948242 13433.015625
  19           "ah" 4464  6773.069824 7561.761230 9893.086914
  20           "ao" 1893  5203.858398 6313.858398 9907.766602
  21           "aw"  771  2668.979736 4283.450684 4802.409180
  22           "ax" 4616  7207.386230 5907.831055 5549.663086
  23           "ay" 2058  7043.795898 9946.723633 12309.651367
  24           "ch"  805  3498.144043 3607.614502 2933.178955
  25           "dh" 2551  5968.500488 3883.718262 3854.605957
  26           "eh" 3005  5330.039551 6791.474609 9376.179688
  27           "el"  635  1625.005737 2326.920654 3248.715576
  28           "em"   34  165.856888 187.908005 169.059570
  29           "en"  161  757.835266 441.431641 343.526154
  30           "er" 2601  7251.679199 7840.112793 11229.971680
  31           "ey" 2137  5805.065430 8486.846680 10123.723633
  32           "hh" 1741  4555.444824 4059.440430 3532.073975
  33           "ih" 6902  10669.375000 10831.436523 14209.458008
  34           "ix" 2102  2859.257324 3527.907715 2984.832764
  35           "iy" 5052  19015.632812 15229.480469 12953.133789
  36           "jh" 1048  4246.502441 3684.494141 3400.278320
  37           "ng" 1250  3621.215820 3236.037842 4988.229004
  38           "ow" 1715  4615.875000 7048.607422 7993.674316
  39           "oy"  306  1236.206543 1557.656128 2238.218262
  40           "sh" 1243  4223.821777 4989.864746 6790.480469
  41           "sp" 26436  55200.457031 58184.558594 35090.148438
  42           "th"  783  2080.133789 2764.104248 2430.205566
  43           "uh"  675  893.012085 1061.134033 1653.804199
  44           "uw" 2178  6850.453613 4670.224609 5655.097168
  45           "zh"   84  455.929840 363.566315 235.462326
  46          "axr" 1001  3255.733154 2758.411865 2539.188965
  47          "sil" 7392  55200.457031 58184.558594 35090.148438
