   1            "b" 2489  4040.454590 5725.727539 6119.605469
   2            "d" 5021  12159.047852 6307.078125 7765.094727
   3            "f" 2207  6465.961426 10991.486328 5068.674805
   4            "g" 1465  3136.244873 2899.197510 4431.943359
   5            "k" 4539  18926.113281 10097.203125 11808.935547
   6            "l" 4883  12375.710938 19121.503906 11205.045898
   7            "m" 3570  6710.506348 9621.686523 8561.363281
   8            "n" 7524  14707.276367 10940.762695 21174.492188
   9            "p" 2966  7841.310059 10461.470703 8882.819336
  10            "r" 5454  10245.096680 12622.332031 12680.913086
  11            "s" 6148  13120.305664 16352.439453 41318.347656
  12            "t" 7847  20455.328125 15249.456055 12453.436523
  13            "v" 2074  4783.104492 3611.175049 3917.732910
  14            "w" 2218  6016.565430 6900.353027 5994.583008
  15            "y" 1229  3233.001709 2336.153564 3836.276855
  16            "z" 4203  14647.550781 19160.193359 10586.853516
  17           "aa" 2210  4336.625488 6340.294434 15014.330078
  18           "ae" 2959  4977.126465 7352.856445 19244.369141
  19           "ah" 4464  5675.823242 7280.713379 13040.965820
  20           "ao" 1893  3845.257080 4701.237305 12106.661133
  21           "aw"  771  1845.307251 2736.831055 7307.748047
  22           "ax" 4616  7382.976562 6327.147949 5004.170898
  23           "ay" 2058  4954.037598 6680.013184 17955.562500
  24           "ch"  805  3173.118652 4048.156982 2536.049561
  25           "dh" 2551  5422.134766 2710.536133 3117.337646
  26           "eh" 3005  4188.455078 5902.125000 12811.917969
  27           "el"  635  988.694641 1687.876343 3988.518311
  28           "em"   34  156.772705 192.875839 154.156937
  29           "en"  161  873.466858 288.258453 251.860703
  30           "er" 2601  4209.501465 7094.650879 15038.659180
  31           "ey" 2137  4477.883301 6635.499512 14313.224609
  32           "hh" 1741  4087.920410 4003.562256 3455.284180
  33           "ih" 6902  8483.423828 9507.179688 18221.371094
  34           "ix" 2102  3094.163330 3865.653564 2666.368896
  35           "iy" 5052  27903.830078 12148.972656 9841.040039
  36           "jh" 1048  3950.680908 4374.909180 2308.555176
  37           "ng" 1250  2767.674316 3023.399170 5607.775391
  38           "ow" 1715  3413.657959 4788.463867 11469.516602
  39           "oy"  306  990.863892 1648.897217 2207.668213
  40           "sh" 1243  3225.668945 3271.593506 9418.000000
  41           "sp" 26436  60592.171875 55471.429688 36016.648438
  42           "th"  783  2318.551514 2967.229248 1990.323486
  43           "uh"  675  785.876953 1048.177612 1632.830933
  44           "uw" 2178  8652.567383 4024.888916 4721.043457
  45           "zh"   84  405.290497 374.608459 171.208649
  46          "axr" 1001  4144.268066 2171.147461 2074.630371
  47          "sil" 7392  60592.171875 55471.429688 36016.648438
