   1            "b" 2489  4768.089355 5365.452637 6208.366699
   2            "d" 5021  10507.930664 7382.857422 7973.199707
   3            "f" 2207  6963.329102 9952.225586 5364.000977
   4            "g" 1465  3364.844238 3511.239746 4179.257812
   5            "k" 4539  18217.804688 10116.844727 12167.680664
   6            "l" 4883  14923.050781 14962.353516 13141.107422
   7            "m" 3570  7758.408691 10221.995117 8913.007812
   8            "n" 7524  14264.041992 12545.368164 20693.490234
   9            "p" 2966  7666.713867 9697.475586 9193.648438
  10            "r" 5454  12321.929688 12576.988281 13245.401367
  11            "s" 6148  15963.582031 24151.816406 30551.484375
  12            "t" 7847  19157.718750 14777.538086 12488.639648
  13            "v" 2074  4339.235840 4023.898193 4127.721680
  14            "w" 2218  6436.333984 6400.920410 6639.810059
  15            "y" 1229  3269.351562 2721.868896 3269.070312
  16            "z" 4203  14387.474609 17954.951172 12068.542969
  17           "aa" 2210  5357.948730 7150.013672 12810.197266
  18           "ae" 2959  5993.031250 9100.697266 15890.929688
  19           "ah" 4464  6580.770508 7006.940918 11152.423828
  20           "ao" 1893  4409.782715 6501.906250 10245.455078
  21           "aw"  771  2395.568604 3786.864502 5729.001465
  22           "ax" 4616  7410.545898 5957.999512 5394.417969
  23           "ay" 2058  5977.224121 9231.504883 13991.261719
  24           "ch"  805  3392.903076 3685.122070 2803.039062
  25           "dh" 2551  5561.689453 3637.456787 3396.824463
  26           "eh" 3005  4974.001465 6735.156250 10177.197266
  27           "el"  635  1328.874023 2109.037109 3391.242676
  28           "em"   34  165.967560 190.958069 166.850693
  29           "en"  161  768.679321 423.209808 316.494476
  30           "er" 2601  5799.542480 8084.293945 12585.187500
  31           "ey" 2137  5082.141602 7575.991699 12058.783203
  32           "hh" 1741  4259.829102 4065.149170 3458.839844
  33           "ih" 6902  9470.336914 10937.480469 15587.518555
  34           "ix" 2102  2948.311035 3523.243652 2995.860596
  35           "iy" 5052  21130.595703 15108.395508 12008.683594
  36           "jh" 1048  4229.308594 3919.856445 2980.937500
  37           "ng" 1250  3719.130127 2924.833984 5189.763184
  38           "ow" 1715  4118.246094 6741.945312 8792.551758
  39           "oy"  306  1079.374634 1593.695190 2232.867676
  40           "sh" 1243  3791.858643 4868.711426 7183.423828
  41           "sp" 26436  57548.457031 56682.144531 36735.582031
  42           "th"  783  2096.097900 2932.738525 2157.531006
  43           "uh"  675  855.195190 1116.874023 1535.888794
  44           "uw" 2178  7419.335449 4253.602539 5691.300293
  45           "zh"   84  417.381500 355.972046 212.571014
  46          "axr" 1001  3513.175049 2401.736816 2562.149902
  47          "sil" 7392  57548.457031 56682.144531 36735.582031
