   1            "b" 2181  3601.840332 3578.910889 7119.756348
   2            "d" 4296  11391.083984 6867.241211 7093.885742
   3            "f" 2215  13524.818359 5355.616699 3918.947998
   4            "g" 1191  1767.491455 1933.102051 5019.593262
   5            "k" 3794  17585.060547 9004.285156 9155.198242
   6            "l" 4425  16076.314453 19052.427734 10445.741211
   7            "m" 3442  7208.770020 10048.028320 7512.876465
   8            "n" 6896  18076.080078 14989.292969 20578.164062
   9            "p" 2588  12841.675781 8215.034180 3958.703857
  10            "r" 4681  5698.664062 7064.659180 16566.599609
  11            "s" 6176  12395.705078 17067.824219 49321.679688
  12            "t" 3948  16901.560547 6525.214355 10633.041992
  13            "v" 1994  5483.126465 3506.776611 2843.816895
  14            "w" 2216  6940.596191 8186.925781 4408.447754
  15            "y"  995  2221.140625 3545.797852 3870.770996
  16            "z" 3682  17555.236328 12941.714844 8008.418457
  17           "aa" 2256  3496.854004 5972.681641 19998.669922
  18           "ae" 2292  2859.840576 4117.904297 20490.080078
  19           "ah" 2266  3158.999268 4041.744385 11101.042969
  20           "ao" 1865  2911.914307 4754.923340 14847.894531
  21           "aw"  728  1171.475952 2310.371826 8416.487305
  22           "ax" 3892  5782.000977 5867.194336 5257.910156
  23           "ay" 1934  3109.941406 6393.442871 20396.792969
  24           "ch"  820  3698.436279 4091.367188 2252.672119
  25           "dh" 2376  7409.017090 3116.828369 2883.861328
  26           "eh" 3277  4567.765137 5000.760254 15914.267578
  27           "el"  951  1332.416748 2208.880859 6847.369629
  28           "em"  124  358.581665 497.377136 265.492676
  29           "en"  630  3181.738037 1623.614502 997.250183
  30           "er" 1693  2743.541016 4460.722656 13875.218750
  31           "ey" 2271  3292.535156 4544.551270 19382.714844
  32           "hh" 1660  4662.386230 3980.513184 3319.464844
  33           "ih" 4248  5852.626465 6109.114746 15531.454102
  34           "ix" 7370  11079.367188 11586.351562 12316.163086
  35           "iy" 4626  29054.515625 7070.502441 6460.366699
  36           "jh" 1013  4876.405762 3388.296387 2550.212646
  37           "ng" 1220  2112.780273 2505.544434 5871.378906
  38           "ow" 1653  2465.888916 4650.849121 12947.830078
  39           "oy"  304  522.154053 925.837036 3695.322021
  40           "sh" 1317  3113.173584 3595.224854 11166.673828
  41           "th"  745  3981.251465 2313.987305 1294.815552
  42           "uh"  500  694.597290 1009.473999 1857.430664
  43           "uw" 1952  8244.127930 2750.968018 4352.677246
  44           "zh"  149  925.165405 367.074982 296.513672
  45          "axr" 2445  11365.916992 3657.920410 3267.413818
  46          "sil" 8283  61866.976562 61963.867188 24530.296875
