   1            "b" 2181  4138.292969 5425.410156 5861.954590
   2            "d" 4296  10151.829102 6646.527832 5593.209961
   3            "f" 2215  11695.790039 6431.376953 4297.278320
   4            "g" 1191  2267.278809 2738.995117 4021.940186
   5            "k" 3794  14902.798828 9927.847656 10949.497070
   6            "l" 4425  14064.200195 14700.767578 11917.172852
   7            "m" 3442  7159.571777 7995.053223 11778.300781
   8            "n" 6896  14270.040039 11555.445312 20334.058594
   9            "p" 2588  11547.155273 6970.782715 5309.211426
  10            "r" 4681  10273.456055 10884.593750 11381.835938
  11            "s" 6176  15942.645508 22075.445312 39829.175781
  12            "t" 3948  13999.642578 9202.695312 10779.139648
  13            "v" 1994  4839.820312 3736.000244 3624.658203
  14            "w" 2216  6684.823242 6975.844238 6095.622070
  15            "y"  995  2945.657471 2720.081299 2892.908447
  16            "z" 3682  13325.252930 15340.353516 9300.898438
  17           "aa" 2256  5114.777832 6968.975586 14413.398438
  18           "ae" 2292  4254.568359 8727.769531 15390.626953
  19           "ah" 2266  4124.585449 5090.021484 8655.715820
  20           "ao" 1865  3880.954102 6962.968750 11404.870117
  21           "aw"  728  1706.983521 3696.218018 6455.465332
  22           "ax" 3892  5891.847168 5493.508789 4826.000488
  23           "ay" 1934  4339.014160 8756.447266 15894.336914
  24           "ch"  820  3246.745117 4226.216309 2804.553711
  25           "dh" 2376  5969.264648 3504.590088 3249.684814
  26           "eh" 3277  5209.383301 7653.882324 13025.024414
  27           "el"  951  1982.717285 2968.805664 5109.364746
  28           "em"  124  361.650482 505.149048 285.108887
  29           "en"  630  2792.382812 1730.059692 1517.885986
  30           "er" 1693  3968.547607 5862.787109 10191.765625
  31           "ey" 2271  5018.581543 8180.120605 14022.700195
  32           "hh" 1660  4123.383789 4361.860352 3572.327148
  33           "ih" 4248  6147.863770 8506.983398 12427.390625
  34           "ix" 7370  11228.718750 11815.854492 9675.364258
  35           "iy" 4626  22991.287109 13341.633789 10162.866211
  36           "jh" 1013  4436.295410 3455.152100 2940.379395
  37           "ng" 1220  3138.718262 2820.719971 4716.569336
  38           "ow" 1653  3597.793945 6450.745605 9890.879883
  39           "oy"  304  717.211609 1395.033691 2916.615723
  40           "sh" 1317  3873.862793 5005.352051 8870.169922
  41           "sp" 26402  63062.339844 55897.691406 42831.214844
  42           "th"  745  2762.451660 2746.834473 1737.815674
  43           "uh"  500  773.599915 897.359131 1659.837280
  44           "uw" 1952  7706.391602 4361.723145 5144.838867
  45           "zh"  149  697.377625 606.617981 385.916077
  46          "axr" 2445  8950.924805 5584.366211 5413.983398
  47          "sil" 8283  63062.339844 55897.691406 42831.214844
