   1            "b" 2181  5647.496582 4529.295898 6113.423828
   2            "d" 4296  11136.229492 6343.626465 5874.135254
   3            "f" 2215  10222.757812 8410.109375 4606.390625
   4            "g" 1191  2394.883545 3036.472412 4473.163574
   5            "k" 3794  16040.673828 9178.977539 11315.709961
   6            "l" 4425  14612.193359 14247.660156 11775.339844
   7            "m" 3442  9259.344727 9835.505859 9382.080078
   8            "n" 6896  13961.746094 14364.998047 19853.648438
   9            "p" 2588  12773.083984 6692.423340 5779.902344
  10            "r" 4681  10343.907227 9877.193359 12874.640625
  11            "s" 6176  17738.187500 23901.611328 36031.875000
  12            "t" 3948  15445.771484 8065.306152 11184.438477
  13            "v" 1994  4697.662109 4049.210449 3986.629395
  14            "w" 2216  7604.495117 7271.604980 5607.112793
  15            "y"  995  2707.301514 2948.093018 2792.365234
  16            "z" 3682  15518.318359 13441.494141 9050.229492
  17           "aa" 2256  5552.673828 8314.346680 13215.225586
  18           "ae" 2292  5018.653320 8779.846680 14606.298828
  19           "ah" 2266  4202.063965 5837.813477 7716.218262
  20           "ao" 1865  4728.550293 7465.873047 10847.732422
  21           "aw"  728  1934.552002 3982.206543 5876.954590
  22           "ax" 3892  6081.360352 5244.200195 5040.332031
  23           "ay" 1934  5515.045898 10126.934570 13378.309570
  24           "ch"  820  3795.234375 3836.429443 2853.979980
  25           "dh" 2376  6932.363770 3788.042480 3711.261963
  26           "eh" 3277  6133.431641 7672.109863 11856.259766
  27           "el"  951  2021.910522 3276.843262 5211.110840
  28           "em"  124  384.362427 480.771210 348.472839
  29           "en"  630  2649.322266 2084.963135 1510.766357
  30           "er" 1693  4519.304199 6845.906738 8831.822266
  31           "ey" 2271  5634.002930 8102.729004 12972.652344
  32           "hh" 1660  4267.915527 4586.694824 3477.550781
  33           "ih" 4248  7260.921875 8581.388672 11267.628906
  34           "ix" 7370  11769.694336 11068.850586 10330.934570
  35           "iy" 4626  19435.404297 14117.337891 12399.842773
  36           "jh" 1013  4828.619629 3563.788330 2923.009521
  37           "ng" 1220  3194.632324 3185.265381 4692.463867
  38           "ow" 1653  4181.704590 7235.476074 9040.169922
  39           "oy"  304  713.948242 1214.537842 3181.291992
  40           "sh" 1317  3907.675049 4955.297852 9074.954102
  41           "th"  745  3270.638672 2630.858887 1650.232300
  42           "uh"  500  778.060791 1061.942505 1697.576904
  43           "uw" 1952  7521.973145 4513.048340 5622.194336
  44           "zh"  149  859.235962 491.286285 342.756195
  45          "axr" 2445  8290.736328 6184.411133 5700.432617
  46          "sil" 8283  58006.796875 59254.667969 26494.201172
