   1            "b" 2181  3221.822510 3775.708496 8148.260254
   2            "d" 4296  12481.823242 5572.218262 5709.114746
   3            "f" 2215  13641.567383 5254.483398 3270.159912
   4            "g" 1191  1888.659546 2145.483887 3924.336914
   5            "k" 3794  17819.041016 9124.005859 9356.916016
   6            "l" 4425  13733.680664 21652.638672 11459.437500
   7            "m" 3442  6572.385254 6612.176758 10668.416992
   8            "n" 6896  21586.460938 12964.164062 23690.923828
   9            "p" 2588  14664.157227 7171.598633 3805.044434
  10            "r" 4681  5917.559570 7815.099121 14062.349609
  11            "s" 6176  14331.459961 14645.565430 46452.015625
  12            "t" 3948  17290.656250 8807.781250 9058.600586
  13            "v" 1994  5056.243164 3560.089111 2512.965088
  14            "w" 2216  5928.625488 8764.606445 4964.968750
  15            "y"  995  2858.755615 2332.749268 4145.286621
  16            "z" 3682  13401.313477 15945.164062 8080.522461
  17           "aa" 2256  3542.752930 5132.971680 18654.546875
  18           "ae" 2292  3164.354492 4101.061523 20275.275391
  19           "ah" 2266  3094.107178 3757.340332 10848.822266
  20           "ao" 1865  3164.183350 4432.715820 14495.275391
  21           "aw"  728  1190.347046 1898.201660 7696.062012
  22           "ax" 3892  6163.561523 5777.684082 4953.446777
  23           "ay" 1934  3006.535645 5215.317871 19563.179688
  24           "ch"  820  3865.076416 4164.175781 2202.325195
  25           "dh" 2376  6917.765625 2670.077637 2657.915283
  26           "eh" 3277  4607.929199 5279.493164 16634.591797
  27           "el"  951  1293.383667 1953.856567 7017.096191
  28           "em"  124  353.415192 510.872284 265.662476
  29           "en"  630  3689.264160 1310.637451 1049.246704
  30           "er" 1693  2512.332764 3805.068604 14253.351562
  31           "ey" 2271  3388.854736 3628.172363 18829.117188
  32           "hh" 1660  3892.686279 3907.530762 3302.482422
  33           "ih" 4248  5749.637695 6276.908203 16152.719727
  34           "ix" 7370  11064.546875 11639.559570 10791.800781
  35           "iy" 4626  32543.310547 7676.649902 5884.202148
  36           "jh" 1013  4892.904785 3371.795166 2174.418945
  37           "ng" 1220  2218.984131 2718.113281 6018.453125
  38           "ow" 1653  2650.666260 3889.897461 13077.202148
  39           "oy"  304  577.205078 858.382080 3424.374268
  40           "sh" 1317  3347.445312 3210.169189 10614.107422
  41           "sp" 26402  59664.660156 54299.027344 41967.746094
  42           "th"  745  3267.703125 2730.697510 1133.211426
  43           "uh"  500  665.422302 863.938293 1901.890259
  44           "uw" 1952  9340.589844 2530.684570 4238.372070
  45           "zh"  149  665.286438 592.453247 293.014160
  46          "axr" 2445  12816.686523 3939.607178 3078.466797
  47          "sil" 8283  59664.660156 54299.027344 41967.746094
