   1            "b" 2181  4105.522461 5496.892090 5874.034668
   2            "d" 4296  10163.043945 6738.072754 5595.906738
   3            "f" 2215  11456.486328 6655.383789 4320.770996
   4            "g" 1191  2288.073242 2736.015137 4039.440918
   5            "k" 3794  14909.690430 9901.274414 10953.963867
   6            "l" 4425  14204.126953 14474.083008 11957.506836
   7            "m" 3442  7217.116211 8042.915039 11709.691406
   8            "n" 6896  13887.625000 11746.627930 20434.802734
   9            "p" 2588  11528.261719 6864.942871 5387.088379
  10            "r" 4681  10387.735352 10962.534180 11290.476562
  11            "s" 6176  16211.177734 22277.095703 39403.253906
  12            "t" 3948  13922.691406 9191.075195 10781.283203
  13            "v" 1994  4782.550781 3750.395264 3642.190918
  14            "w" 2216  6676.285645 6835.027832 6189.507324
  15            "y"  995  2948.046387 2757.518555 2875.671875
  16            "z" 3682  13247.594727 15344.206055 9344.406250
  17           "aa" 2256  5169.250977 7121.331055 14109.801758
  18           "ae" 2292  4349.454590 8772.143555 15229.500000
  19           "ah" 2266  4135.817383 5096.411133 8562.615234
  20           "ao" 1865  4019.603760 7074.369629 11109.300781
  21           "aw"  728  1740.038086 3792.863770 6330.194336
  22           "ax" 3892  5804.081543 5581.443359 4837.066895
  23           "ay" 1934  4464.796387 8916.654297 15631.986328
  24           "ch"  820  3247.690430 4216.438477 2821.536621
  25           "dh" 2376  5990.211426 3622.419678 3262.533447
  26           "eh" 3277  5236.970703 7982.607422 12678.666992
  27           "el"  951  2022.984985 3024.254639 5064.047363
  28           "em"  124  358.342438 505.507721 286.580383
  29           "en"  630  2731.161865 1777.413208 1542.052490
  30           "er" 1693  4011.907959 6040.726074 9957.215820
  31           "ey" 2271  5032.641113 8399.918945 13777.563477
  32           "hh" 1660  4114.785156 4399.547363 3551.634521
  33           "ih" 4248  6216.257812 8480.960938 12395.964844
  34           "ix" 7370  11228.538086 11944.751953 9600.955078
  35           "iy" 4626  22534.347656 13529.881836 10331.514648
  36           "jh" 1013  4434.690918 3467.647217 2913.268555
  37           "ng" 1220  3216.889648 2832.704102 4760.758301
  38           "ow" 1653  3748.927734 6445.958008 9718.147461
  39           "oy"  304  724.101868 1390.336548 2893.912598
  40           "sh" 1317  3893.415527 4949.158203 8863.788086
  41           "sp" 26402  62655.058594 56364.351562 42762.902344
  42           "th"  745  2739.401367 2763.830566 1736.953491
  43           "uh"  500  793.437927 898.756653 1649.468140
  44           "uw" 1952  7655.222656 4405.782715 5139.149414
  45           "zh"  149  700.326294 607.818359 383.894592
  46          "axr" 2445  8895.408203 5561.279785 5490.581055
  47          "sil" 8283  62655.058594 56364.351562 42762.902344
