   1            "b" 2489  4365.958008 5410.186035 6088.471191
   2            "d" 5021  11731.964844 6342.666992 7815.868652
   3            "f" 2207  6572.369629 10681.935547 5138.804199
   4            "g" 1465  3249.296631 2978.293457 4252.819336
   5            "k" 4539  18221.205078 9848.639648 12372.849609
   6            "l" 4883  13392.862305 17502.478516 12121.837891
   7            "m" 3570  6647.029785 10489.018555 8194.854492
   8            "n" 7524  14504.148438 11590.495117 20514.583984
   9            "p" 2966  7616.445801 10395.933594 8913.708984
  10            "r" 5454  11255.143555 12265.574219 12932.009766
  11            "s" 6148  13875.619141 17663.853516 39492.941406
  12            "t" 7847  19487.865234 15695.263672 12326.335938
  13            "v" 2074  4609.189941 3747.451172 3911.789795
  14            "w" 2218  6591.775879 6669.390625 6073.167969
  15            "y" 1229  3270.421875 2385.470459 3575.842529
  16            "z" 4203  14801.970703 18859.716797 10640.803711
  17           "aa" 2210  4642.228027 6622.917969 14364.185547
  18           "ae" 2959  5103.268555 7694.687500 18298.023438
  19           "ah" 4464  5777.992676 7295.446777 12633.955078
  20           "ao" 1893  3850.713867 4949.752930 11997.147461
  21           "aw"  771  1956.214478 3100.517090 6973.591309
  22           "ax" 4616  7445.280762 6147.069824 5236.265137
  23           "ay" 2058  5059.978027 7535.932129 17170.000000
  24           "ch"  805  3118.081787 4108.689453 2599.867676
  25           "dh" 2551  5175.158203 2823.088623 3235.338623
  26           "eh" 3005  4334.220215 5976.580078 12296.251953
  27           "el"  635  1056.742065 1822.314575 3883.779541
  28           "em"   34  155.734680 194.406403 162.151077
  29           "en"  161  876.169373 301.084503 260.441986
  30           "er" 2601  4699.130371 7215.442383 14508.553711
  31           "ey" 2137  4618.131836 6938.901855 13941.443359
  32           "hh" 1741  4222.172852 4006.703369 3428.988525
  33           "ih" 6902  8604.239258 10128.718750 17160.496094
  34           "ix" 2102  3000.289551 3787.926270 2776.840820
  35           "iy" 5052  26253.392578 12561.250000 10781.707031
  36           "jh" 1048  3915.404297 4273.438477 2550.651611
  37           "ng" 1250  3036.603516 2994.007568 5463.969727
  38           "ow" 1715  3502.096436 5325.549805 10871.164062
  39           "oy"  306  957.067932 1706.646606 2188.692871
  40           "sh" 1243  3344.542969 3727.118408 8878.638672
  41           "sp" 26436  60040.156250 57041.675781 35478.890625
  42           "th"  783  2223.091309 2948.054932 2020.558228
  43           "uh"  675  770.819336 1096.297607 1480.114868
  44           "uw" 2178  8629.630859 4133.679199 4778.430664
  45           "zh"   84  400.979431 364.139404 185.478134
  46          "axr" 1001  4042.322266 2269.906006 2146.799561
  47          "sil" 7392  60040.156250 57041.675781 35478.890625
