   1            "b" 2181  4992.268555 4513.170410 6028.758301
   2            "d" 4296  11345.444336 5909.803711 5897.720215
   3            "f" 2215  12713.503906 6324.002930 3860.075684
   4            "g" 1191  1943.501587 2804.770264 4351.309082
   5            "k" 3794  16776.214844 8854.459961 10463.992188
   6            "l" 4425  13566.250977 16688.066406 11154.385742
   7            "m" 3442  8251.866211 10201.862305 8478.996094
   8            "n" 6896  14293.975586 14057.154297 20740.269531
   9            "p" 2588  12607.887695 7422.099121 4900.900879
  10            "r" 4681  8813.189453 8964.587891 13636.943359
  11            "s" 6176  14799.131836 17969.095703 44465.433594
  12            "t" 3948  16668.187500 7087.238281 10884.540039
  13            "v" 1994  5108.495117 3615.314697 3363.311523
  14            "w" 2216  7461.375000 7382.832031 5629.770996
  15            "y"  995  2522.417236 2997.260010 3273.261963
  16            "z" 3682  17212.246094 13200.706055 8066.058594
  17           "aa" 2256  4482.898926 7510.959473 16492.908203
  18           "ae" 2292  3977.224854 6483.957520 17621.683594
  19           "ah" 2266  3580.209473 5004.780273 9688.951172
  20           "ao" 1865  3791.604004 6251.937012 13066.214844
  21           "aw"  728  1371.477539 3033.437256 7304.119141
  22           "ax" 3892  5934.469238 5301.996094 5355.958008
  23           "ay" 1934  4164.153809 8807.660156 16538.791016
  24           "ch"  820  3840.351807 4065.933105 2484.038818
  25           "dh" 2376  7551.749512 3039.038818 3340.174805
  26           "eh" 3277  5197.337891 6718.778809 14718.739258
  27           "el"  951  1703.056274 2953.716064 5507.689453
  28           "em"  124  354.414612 485.738892 309.119629
  29           "en"  630  2976.328369 1912.106201 1282.083618
  30           "er" 1693  3696.058594 5150.255859 11585.651367
  31           "ey" 2271  4546.383789 6875.270508 15564.794922
  32           "hh" 1660  4308.085938 4209.135254 3632.125000
  33           "ih" 4248  6139.170410 8257.814453 13075.392578
  34           "ix" 7370  11140.891602 11141.737305 11132.040039
  35           "iy" 4626  23261.371094 12515.515625 10522.261719
  36           "jh" 1013  5000.054199 3356.513916 2684.583496
  37           "ng" 1220  2671.274902 2862.811279 5094.525391
  38           "ow" 1653  3334.102051 5955.408203 11257.385742
  39           "oy"  304  579.225647 1024.356445 3486.062744
  40           "sh" 1317  3542.098633 4504.741699 9806.015625
  41           "th"  745  3832.149658 2256.785645 1429.185059
  42           "uh"  500  685.385376 1017.033875 1710.754761
  43           "uw" 1952  8105.167969 4075.588623 5020.150391
  44           "zh"  149  908.250916 435.538147 312.506683
  45          "axr" 2445  9523.916016 5316.070801 4664.118652
  46          "sil" 8283  58422.437500 61618.156250 27040.943359
