   1            "b" 2181  3360.622559 4907.887207 6971.568359
   2            "d" 4296  11562.020508 5736.211426 5312.333496
   3            "f" 2215  13925.509766 4887.437500 3463.364014
   4            "g" 1191  1962.723633 2197.741455 4556.041016
   5            "k" 3794  17723.912109 9051.929688 10143.361328
   6            "l" 4425  12575.896484 20436.804688 10787.289062
   7            "m" 3442  6967.169434 6983.126465 10777.052734
   8            "n" 6896  18353.796875 10458.931641 23527.498047
   9            "p" 2588  13814.460938 7529.057129 3991.854736
  10            "r" 4681  6224.543457 9082.527344 13276.434570
  11            "s" 6176  14299.134766 16301.873047 46700.199219
  12            "t" 3948  15846.369141 8733.519531 9869.749023
  13            "v" 1994  5374.057129 3356.279297 2784.895752
  14            "w" 2216  6590.058594 8027.257324 5447.343750
  15            "y"  995  2860.749512 2446.326416 3469.240234
  16            "z" 3682  14010.994141 15322.773438 8152.218750
  17           "aa" 2256  3603.210205 5551.389160 18212.068359
  18           "ae" 2292  3344.271973 5641.144531 18829.601562
  19           "ah" 2266  2933.773438 4582.366699 10541.628906
  20           "ao" 1865  3166.903320 4930.514648 13646.318359
  21           "aw"  728  1160.384155 2432.719971 7691.904785
  22           "ax" 3892  6630.308105 5043.862793 4676.998047
  23           "ay" 1934  2938.702148 6358.444336 19042.136719
  24           "ch"  820  3712.095459 4140.741211 2291.424316
  25           "dh" 2376  6735.404297 2718.981445 2848.438477
  26           "eh" 3277  4389.251953 5988.261719 15617.905273
  27           "el"  951  1291.890015 2228.333496 6528.673340
  28           "em"  124  355.254944 519.261108 265.946960
  29           "en"  630  3459.802246 1404.794434 1086.910278
  30           "er" 1693  2483.375244 4718.597656 13143.830078
  31           "ey" 2271  3723.404053 5126.764648 17920.933594
  32           "hh" 1660  3822.766357 4120.080566 3332.580811
  33           "ih" 4248  5526.123047 6822.678223 15673.924805
  34           "ix" 7370  11221.907227 11950.420898 9503.255859
  35           "iy" 4626  30622.623047 9490.288086 7143.724121
  36           "jh" 1013  4673.975098 3504.495361 2169.169678
  37           "ng" 1220  2433.529541 2631.456543 5603.241699
  38           "ow" 1653  2591.240967 4630.788574 12550.892578
  39           "oy"  304  566.640442 977.581421 3211.832764
  40           "sh" 1317  3439.713623 3464.517334 10525.567383
  41           "sp" 26402  63968.371094 54232.285156 40642.921875
  42           "th"  745  3070.181885 2831.211426 1302.795166
  43           "uh"  500  572.452454 947.846313 1869.049683
  44           "uw" 1952  9241.831055 3436.672607 4801.575195
  45           "zh"  149  681.371826 614.051514 336.432922
  46          "axr" 2445  11802.621094 4648.768066 3741.755371
  47          "sil" 8283  63968.371094 54232.285156 40642.921875
