   1            "b" 2489  5230.416992 5488.917480 6059.595215
   2            "d" 5021  10045.916992 8233.013672 8140.744141
   3            "f" 2207  7187.063477 9905.217773 5504.699707
   4            "g" 1465  3727.897949 3420.276611 4481.159180
   5            "k" 4539  17340.830078 10936.834961 12282.198242
   6            "l" 4883  15900.603516 13347.478516 13623.591797
   7            "m" 3570  9156.303711 9953.515625 9337.115234
   8            "n" 7524  14533.089844 13368.531250 21023.703125
   9            "p" 2966  8224.190430 9094.322266 9217.317383
  10            "r" 5454  12565.054688 12659.510742 12839.530273
  11            "s" 6148  18349.447266 24996.478516 25848.572266
  12            "t" 7847  18381.490234 13797.669922 14400.024414
  13            "v" 2074  4268.021484 4312.652344 4447.123047
  14            "w" 2218  6898.020996 6281.604004 6704.079590
  15            "y" 1229  3346.064941 2825.084473 3364.202881
  16            "z" 4203  13599.076172 16479.578125 13422.875000
  17           "aa" 2210  5454.855469 7789.993164 11668.893555
  18           "ae" 2959  7074.333008 9941.718750 13358.415039
  19           "ah" 4464  6788.401855 7579.172363 9836.993164
  20           "ao" 1893  5185.113770 6339.643555 9882.735352
  21           "aw"  771  2674.141113 4269.346680 4785.247070
  22           "ax" 4616  7200.878906 5905.422363 5540.820801
  23           "ay" 2058  7093.209473 9938.985352 12268.238281
  24           "ch"  805  3496.254639 3614.094727 2932.230225
  25           "dh" 2551  5959.340332 3896.817627 3867.459229
  26           "eh" 3005  5372.818359 6791.104004 9308.437500
  27           "el"  635  1633.778442 2331.583984 3236.776367
  28           "em"   34  165.762131 187.935364 169.029526
  29           "en"  161  758.403137 439.656311 344.698181
  30           "er" 2601  7280.675293 7822.521484 11231.673828
  31           "ey" 2137  5804.745117 8504.460938 10064.241211
  32           "hh" 1741  4550.633301 4073.714111 3555.754150
  33           "ih" 6902  10713.382812 10804.979492 14162.109375
  34           "ix" 2102  2863.008057 3530.492676 2986.748047
  35           "iy" 5052  18903.089844 15300.899414 13041.327148
  36           "jh" 1048  4249.592285 3688.332275 3409.458496
  37           "ng" 1250  3622.656494 3245.762695 4991.858398
  38           "ow" 1715  4632.544922 7060.654297 7953.480469
  39           "oy"  306  1238.669678 1555.235229 2242.423828
  40           "sh" 1243  4239.620605 4995.652344 6775.269531
  41           "sp" 26436  55123.242188 58133.738281 35028.644531
  42           "th"  783  2081.792725 2764.958984 2439.066406
  43           "uh"  675  894.521118 1064.312744 1655.621094
  44           "uw" 2178  6833.299316 4704.255859 5653.967773
  45           "zh"   84  453.755219 364.918671 234.641357
  46          "axr" 1001  3243.109863 2761.038330 2555.901123
  47          "sil" 7392  55123.242188 58133.738281 35028.644531
