   1            "b" 2181  5692.036621 4497.423828 6130.920898
   2            "d" 4296  11104.764648 6378.926758 5891.235840
   3            "f" 2215  10166.594727 8510.338867 4614.521973
   4            "g" 1191  2428.335449 3012.841553 4445.328613
   5            "k" 3794  16023.528320 9185.616211 11382.708984
   6            "l" 4425  14606.510742 14170.608398 11724.348633
   7            "m" 3442  9259.715820 9776.690430 9427.050781
   8            "n" 6896  13949.446289 14429.956055 19633.943359
   9            "p" 2588  12739.790039 6671.910645 5799.862793
  10            "r" 4681  10323.411133 9930.277344 12735.609375
  11            "s" 6176  17952.244141 24162.771484 35678.347656
  12            "t" 3948  15462.439453 8083.161621 11183.215820
  13            "v" 1994  4669.383789 4086.319092 4012.007568
  14            "w" 2216  7590.203613 7236.833984 5641.631348
  15            "y"  995  2720.703125 2963.473877 2794.705322
  16            "z" 3682  15432.233398 13476.114258 9064.642578
  17           "aa" 2256  5549.425781 8358.609375 13168.038086
  18           "ae" 2292  5129.588867 8907.641602 14473.506836
  19           "ah" 2266  4215.136719 5918.063477 7610.437012
  20           "ao" 1865  4772.909668 7489.871094 10804.472656
  21           "aw"  728  1945.004517 4020.424316 5836.615723
  22           "ax" 3892  6051.570801 5237.978027 5050.994141
  23           "ay" 1934  5657.328613 10062.841797 13261.008789
  24           "ch"  820  3798.592285 3824.449463 2867.618652
  25           "dh" 2376  6960.687012 3768.794678 3749.027832
  26           "eh" 3277  6225.511719 7831.953125 11724.897461
  27           "el"  951  2040.057983 3269.899902 5220.349121
  28           "em"  124  386.458099 477.945129 350.112061
  29           "en"  630  2642.428955 2104.677002 1510.542725
  30           "er" 1693  4521.856934 6914.379395 8746.086914
  31           "ey" 2271  5697.605469 8113.691895 12869.774414
  32           "hh" 1660  4272.330078 4609.155762 3464.745850
  33           "ih" 4248  7302.973145 8515.741211 11293.913086
  34           "ix" 7370  11724.235352 11141.104492 10302.059570
  35           "iy" 4626  19383.121094 14240.907227 12376.212891
  36           "jh" 1013  4823.194336 3596.880615 2925.987061
  37           "ng" 1220  3190.642822 3195.882568 4697.582031
  38           "ow" 1653  4247.710938 7194.866211 8937.959961
  39           "oy"  304  714.099426 1220.491089 3158.523438
  40           "sh" 1317  3921.622314 4962.018555 9067.274414
  41           "th"  745  3244.117188 2646.770752 1670.569214
  42           "uh"  500  786.037964 1070.360229 1677.236206
  43           "uw" 1952  7571.458984 4480.528320 5630.049805
  44           "zh"  149  855.900696 489.561218 343.235229
  45          "axr" 2445  8188.789551 6253.874512 5694.556641
  46          "sil" 8283  58053.324219 59206.332031 26405.074219
