   1            "b" 2181  4410.164551 5719.697266 5916.303711
   2            "d" 4296  10342.402344 7002.149414 5702.455078
   3            "f" 2215  10629.273438 7670.713379 4570.809570
   4            "g" 1191  2461.261475 2868.485107 4045.925781
   5            "k" 3794  15302.423828 9731.980469 10935.660156
   6            "l" 4425  14594.057617 13720.341797 12002.143555
   7            "m" 3442  7548.401855 8096.278320 11960.143555
   8            "n" 6896  13911.549805 12299.468750 19875.687500
   9            "p" 2588  11883.841797 6783.517578 5733.319824
  10            "r" 4681  10284.001953 11080.178711 11904.368164
  11            "s" 6176  17722.554688 24901.251953 34526.281250
  12            "t" 3948  14769.071289 9118.698242 10750.355469
  13            "v" 1994  4725.766602 3940.871338 3832.075928
  14            "w" 2216  6980.293457 6607.803223 6234.161133
  15            "y"  995  3054.725830 2672.517334 2869.459473
  16            "z" 3682  12921.330078 14715.545898 9977.725586
  17           "aa" 2256  5501.713379 7552.604492 13417.217773
  18           "ae" 2292  4989.787598 8813.612305 14279.384766
  19           "ah" 2266  4138.034180 5381.915039 7797.168457
  20           "ao" 1865  4646.906738 7022.878418 10632.118164
  21           "aw"  728  1927.711792 4021.111084 5805.119141
  22           "ax" 3892  5548.793945 5482.880859 4851.680176
  23           "ay" 1934  5311.048828 9338.701172 14093.616211
  24           "ch"  820  3311.996338 4204.605957 2920.704590
  25           "dh" 2376  6044.115723 3956.589844 3607.929199
  26           "eh" 3277  5383.278320 7915.239746 11958.933594
  27           "el"  951  2214.741943 3081.968262 5092.314453
  28           "em"  124  360.571503 498.833862 290.369415
  29           "en"  630  2619.807129 1926.712524 1614.124390
  30           "er" 1693  4466.937988 6405.136719 8915.154297
  31           "ey" 2271  5486.646973 8928.900391 12270.885742
  32           "hh" 1660  4107.731445 4605.198730 3456.045166
  33           "ih" 4248  6731.857422 8244.664062 11756.371094
  34           "ix" 7370  11397.623047 11045.062500 10061.837891
  35           "iy" 4626  20059.000000 14041.461914 11469.737305
  36           "jh" 1013  4371.831543 3624.000732 3026.415283
  37           "ng" 1220  3407.664062 2874.833496 4674.322266
  38           "ow" 1653  4340.052246 6796.723145 8822.254883
  39           "oy"  304  784.637085 1386.595825 2883.597168
  40           "sh" 1317  4201.428711 5149.361328 8526.435547
  41           "sp" 26402  60612.117188 57816.226562 41099.355469
  42           "th"  745  2727.558838 2797.736816 1883.096680
  43           "uh"  500  850.944702 933.447571 1620.962524
  44           "uw" 1952  7269.804688 4622.675781 5325.196777
  45           "zh"  149  692.790283 634.730225 378.930298
  46          "axr" 2445  8746.147461 5597.633789 5940.716797
  47          "sil" 8283  60612.117188 57816.226562 41099.355469
