   1            "b" 2181  4904.495605 5636.114258 5866.749512
   2            "d" 4296  10151.853516 7225.972168 6130.563965
   3            "f" 2215  9441.382812 8941.322266 4976.572266
   4            "g" 1191  2680.409180 2923.622803 4095.920410
   5            "k" 3794  15412.268555 9588.593750 11364.444336
   6            "l" 4425  14616.001953 13089.153320 12660.577148
   7            "m" 3442  7989.842773 8505.516602 11741.666992
   8            "n" 6896  14357.697266 12247.289062 20109.248047
   9            "p" 2588  11553.499023 7016.815918 6086.244141
  10            "r" 4681  10426.639648 10838.832031 11929.508789
  11            "s" 6176  19016.894531 26480.244141 31641.039062
  12            "t" 3948  14796.452148 9020.029297 11012.530273
  13            "v" 1994  4665.767578 4148.965820 4064.846191
  14            "w" 2216  7254.866211 6539.028320 6243.605957
  15            "y"  995  3041.547363 2720.746826 2795.376221
  16            "z" 3682  12955.283203 14037.886719 10516.806641
  17           "aa" 2256  5744.529297 7868.304199 12483.861328
  18           "ae" 2292  5522.641602 8630.773438 13556.787109
  19           "ah" 2266  4142.205078 5416.899902 7362.658691
  20           "ao" 1865  5112.041504 6893.022949 10236.964844
  21           "aw"  728  2175.385742 4010.603027 5400.793457
  22           "ax" 3892  5595.080078 5326.237793 4965.200195
  23           "ay" 1934  5858.043945 9633.845703 13019.665039
  24           "ch"  820  3370.625732 4067.898193 3031.918701
  25           "dh" 2376  6026.919434 4216.912598 3852.903564
  26           "eh" 3277  5760.874512 7926.331543 11195.073242
  27           "el"  951  2351.080566 3337.010742 4880.811035
  28           "em"  124  371.711029 494.831696 296.424347
  29           "en"  630  2468.481934 2045.332642 1669.485840
  30           "er" 1693  4838.029785 6534.126953 8500.987305
  31           "ey" 2271  6162.150879 9371.138672 11040.103516
  32           "hh" 1660  4320.429688 4617.944824 3564.130127
  33           "ih" 4248  7179.981445 8312.266602 11075.508789
  34           "ix" 7370  11277.782227 10246.661133 10607.063477
  35           "iy" 4626  17918.673828 14806.163086 12131.469727
  36           "jh" 1013  4621.990723 3581.072021 3091.985596
  37           "ng" 1220  3410.322021 2997.380615 4579.070801
  38           "ow" 1653  4538.617188 6905.853027 8417.291992
  39           "oy"  304  862.048340 1397.676025 2814.502686
  40           "sh" 1317  4368.426758 5475.336914 8071.853027
  41           "sp" 26402  58377.132812 58031.046875 40673.558594
  42           "th"  745  2683.548096 2808.606689 2041.025757
  43           "uh"  500  915.343445 991.375549 1623.204712
  44           "uw" 1952  7090.114258 4759.736328 5444.128906
  45           "zh"  149  718.467163 632.113342 377.699249
  46          "axr" 2445  7825.553711 6048.659180 6265.485352
  47          "sil" 8283  58377.132812 58031.046875 40673.558594
