   1            "b" 2181  2932.894775 2871.739746 7969.438965
   2            "d" 4296  12518.311523 6082.057617 9944.618164
   3            "f" 2215  12773.557617 4829.082031 3100.575195
   4            "g" 1191  1835.305176 1848.120728 3752.219238
   5            "k" 3794  13181.640625 7342.056641 13669.891602
   6            "l" 4425  15758.589844 25203.951172 11411.442383
   7            "m" 3442  6659.730469 5743.461426 11007.079102
   8            "n" 6896  26463.482422 13752.304688 24126.787109
   9            "p" 2588  13312.161133 7358.660156 3564.862549
  10            "r" 4681  6232.536133 7244.682617 14071.914062
  11            "s" 6176  13955.846680 13721.686523 45452.914062
  12            "t" 3948  17847.003906 7463.420898 8158.471191
  13            "v" 1994  5329.818848 3179.282959 2530.449951
  14            "w" 2216  6266.893555 9140.925781 4450.123047
  15            "y"  995  2773.944092 2417.610596 4490.088379
  16            "z" 3682  13255.699219 15796.666016 7686.339355
  17           "aa" 2256  3528.632812 4940.345215 20066.519531
  18           "ae" 2292  2965.359375 3823.467773 18764.283203
  19           "ah" 2266  3328.379395 3622.307861 11570.254883
  20           "ao" 1865  3101.238770 4066.814209 15327.228516
  21           "aw"  728  1277.516235 1851.474243 7926.490723
  22           "ax" 3892  6016.913086 5800.962402 5646.329590
  23           "ay" 1934  3172.612305 4961.992188 20416.373047
  24           "ch"  820  3805.886475 3982.722412 2120.034424
  25           "dh" 2376  5610.308105 3408.861328 2664.843018
  26           "eh" 3277  4954.487305 5089.416016 17172.001953
  27           "el"  951  1341.852661 1965.454102 7205.461426
  28           "em"  124  355.620819 493.632446 265.784607
  29           "en"  630  3487.011475 1219.014282 1000.255310
  30           "er" 1693  2582.597900 3553.325684 14184.114258
  31           "ey" 2271  2960.780273 3113.089600 18145.568359
  32           "hh" 1660  4834.396484 5030.733887 2427.495361
  33           "ih" 4248  6551.151367 6109.831543 16946.017578
  34           "ix" 7370  10913.229492 11958.640625 12593.809570
  35           "iy" 4626  30610.791016 7134.452637 5554.599121
  36           "jh" 1013  4999.353027 2673.040283 2235.273438
  37           "ng" 1220  1587.497803 2598.905273 6508.102539
  38           "ow" 1653  2713.828369 3629.909424 12377.558594
  39           "oy"  304  495.380981 807.309570 3441.261719
  40           "sh" 1317  3185.985840 3037.563721 10395.342773
  41           "sp" 26402  58319.203125 53780.308594 43427.238281
  42           "th"  745  3689.284912 2077.648438 1055.324951
  43           "uh"  500  852.322266 904.557678 1819.005981
  44           "uw" 1952  8670.623047 2493.038818 2669.325439
  45           "zh"  149  798.893433 416.701019 280.604797
  46          "axr" 2445  12309.192383 3702.244385 2786.943359
  47          "sil" 8283  58319.203125 53780.308594 43427.238281
