   1            "b" 2181  4920.608398 4468.689453 6093.055664
   2            "d" 4296  11464.530273 5797.804688 5942.479980
   3            "f" 2215  12839.924805 6251.219727 3833.388184
   4            "g" 1191  1912.844849 2727.331055 4442.223633
   5            "k" 3794  16829.724609 8866.324219 10388.106445
   6            "l" 4425  13565.609375 17249.253906 10759.714844
   7            "m" 3442  7842.076660 10330.104492 8448.822266
   8            "n" 6896  14302.878906 14229.825195 20421.095703
   9            "p" 2588  12694.194336 7509.194336 4774.861328
  10            "r" 4681  8712.654297 8715.043945 13989.025391
  11            "s" 6176  14361.537109 17747.257812 45163.875000
  12            "t" 3948  16764.804688 6945.934082 10981.461914
  13            "v" 1994  5162.815430 3582.415527 3333.150146
  14            "w" 2216  7432.728027 7381.341797 5628.510254
  15            "y"  995  2492.304443 3005.461426 3361.343750
  16            "z" 3682  17360.597656 13135.674805 8067.304688
  17           "aa" 2256  4306.658691 7325.500977 16931.000000
  18           "ae" 2292  3862.813721 6184.595703 18008.435547
  19           "ah" 2266  3472.930420 5015.817383 9846.756836
  20           "ao" 1865  3674.890381 6011.273438 13291.267578
  21           "aw"  728  1336.795044 2876.338135 7471.756836
  22           "ax" 3892  5996.227051 5323.621094 5355.061523
  23           "ay" 1934  4007.866455 8629.258789 16898.873047
  24           "ch"  820  3800.512207 4096.450195 2448.276367
  25           "dh" 2376  7526.639648 2983.023682 3312.484375
  26           "eh" 3277  5032.841797 6511.817871 15129.812500
  27           "el"  951  1641.829102 2908.090332 5594.700195
  28           "em"  124  350.737061 486.631500 305.284943
  29           "en"  630  3015.152344 1883.619385 1239.583130
  30           "er" 1693  3592.448975 5025.732910 11913.256836
  31           "ey" 2271  4376.576172 6643.773438 15964.083008
  32           "hh" 1660  4308.850098 4220.886230 3695.845703
  33           "ih" 4248  5964.109863 8134.802246 13487.501953
  34           "ix" 7370  11069.404297 11123.883789 11214.942383
  35           "iy" 4626  24174.843750 11707.736328 10187.576172
  36           "jh" 1013  4989.633789 3367.828369 2642.949219
  37           "ng" 1220  2542.368164 2778.183594 5199.527344
  38           "ow" 1653  3208.181396 5915.693359 11479.785156
  39           "oy"  304  567.357544 988.437012 3548.758789
  40           "sh" 1317  3454.385254 4457.858398 9933.952148
  41           "th"  745  3872.885010 2237.155273 1410.269409
  42           "uh"  500  671.091919 1028.563354 1700.494385
  43           "uw" 1952  8303.043945 3949.443848 4916.850098
  44           "zh"  149  904.952271 423.825104 310.834198
  45          "axr" 2445  9677.335938 5191.384766 4424.175781
  46          "sil" 8283  58938.949219 61768.906250 26818.585938
