   1            "b" 2489  4106.129395 5964.115723 6080.925293
   2            "d" 5021  12692.304688 7139.715332 6493.864258
   3            "f" 2207  6306.227539 12228.879883 4327.450684
   4            "g" 1465  2886.390137 3343.403076 4002.969482
   5            "k" 4539  11724.653320 10167.056641 18128.480469
   6            "l" 4883  11876.847656 20635.128906 12211.218750
   7            "m" 3570  6726.121582 6592.112305 10474.804688
   8            "n" 7524  16782.654297 12318.907227 21956.017578
   9            "p" 2966  9353.420898 11222.946289 7184.291992
  10            "r" 5454  7844.348145 10741.488281 13149.814453
  11            "s" 6148  13922.138672 13173.461914 40725.898438
  12            "t" 7847  21488.984375 15106.208008 13190.269531
  13            "v" 2074  4765.940430 3975.975342 3039.541260
  14            "w" 2218  5370.880371 8173.680176 4769.938965
  15            "y" 1229  3161.917725 2385.003662 4770.750977
  16            "z" 4203  14478.425781 19120.767578 10451.524414
  17           "aa" 2210  4086.743408 5182.888672 17323.566406
  18           "ae" 2959  4969.291992 5494.727539 21512.515625
  19           "ah" 4464  6486.486328 6255.895020 13978.696289
  20           "ao" 1893  3724.179932 4549.762695 14400.199219
  21           "aw"  771  1504.130737 2050.864502 7537.489258
  22           "ax" 4616  7207.746582 6785.224121 5359.373047
  23           "ay" 2058  3830.137451 5273.062500 19422.751953
  24           "ch"  805  3604.719727 3960.974609 2268.960205
  25           "dh" 2551  5345.310547 2730.809814 3033.351318
  26           "eh" 3005  4533.188965 5071.126953 14950.589844
  27           "el"  635  1203.038940 1443.124023 4263.959473
  28           "em"   34  138.131912 198.732315 122.111916
  29           "en"  161  835.555725 258.529083 214.916702
  30           "er" 2601  4098.023438 5253.186035 16838.853516
  31           "ey" 2137  3944.198730 5265.955078 15431.101562
  32           "hh" 1741  3290.090820 4371.544434 3125.144775
  33           "ih" 6902  9382.963867 9515.482422 19662.396484
  34           "ix" 2102  3175.528076 4275.364258 2775.484619
  35           "iy" 5052  31293.462891 9299.692383 7780.427246
  36           "jh" 1048  4277.846191 3977.649414 2211.390137
  37           "ng" 1250  2676.922852 2943.856934 5770.679199
  38           "ow" 1715  3224.197021 4002.574463 12111.304688
  39           "oy"  306  839.463196 1700.371826 2126.175049
  40           "sh" 1243  3072.722412 2771.398438 9520.535156
  41           "sp" 26436  57969.378906 53669.316406 39532.773438
  42           "th"  783  2277.360840 3632.565186 1513.784058
  43           "uh"  675  1003.860413 908.937744 1725.608765
  44           "uw" 2178  8455.269531 3032.784424 4053.487793
  45           "zh"   84  385.931061 402.295715 162.311066
  46          "axr" 1001  4657.674316 1917.768188 1596.489136
  47          "sil" 7392  57969.378906 53669.316406 39532.773438
