   1            "b" 2181  3425.880859 5327.895996 6528.122559
   2            "d" 4296  11147.235352 5842.970703 5215.787109
   3            "f" 2215  13721.321289 4958.255371 3568.836670
   4            "g" 1191  2013.489624 2218.051758 4544.313965
   5            "k" 3794  17282.498047 9173.160156 10426.299805
   6            "l" 4425  12295.735352 19957.226562 10555.884766
   7            "m" 3442  6854.946777 6999.333496 10994.384766
   8            "n" 6896  17402.853516 9857.367188 23173.406250
   9            "p" 2588  13332.732422 7536.257812 4072.514160
  10            "r" 4681  7420.238770 9360.748047 12812.031250
  11            "s" 6176  14272.137695 16855.414062 46447.097656
  12            "t" 3948  15245.870117 8697.387695 10108.806641
  13            "v" 1994  5288.740723 3418.260742 2868.639893
  14            "w" 2216  6773.818359 7702.545898 5575.857910
  15            "y"  995  2899.746338 2459.800537 3318.277588
  16            "z" 3682  14225.315430 15110.324219 8198.117188
  17           "aa" 2256  3763.145752 6071.611816 17726.828125
  18           "ae" 2292  3429.762695 6144.612305 18229.181641
  19           "ah" 2266  2934.237793 4932.145508 10246.539062
  20           "ao" 1865  3215.230713 5065.888184 13379.352539
  21           "aw"  728  1160.904297 2692.948730 7614.568848
  22           "ax" 3892  6610.232422 4913.296875 4676.887695
  23           "ay" 1934  2937.290283 6818.493652 18644.439453
  24           "ch"  820  3626.809326 4122.200195 2362.905029
  25           "dh" 2376  6454.286133 2816.108643 2916.229492
  26           "eh" 3277  4253.280273 6352.185059 15355.725586
  27           "el"  951  1347.797729 2308.082764 6291.952637
  28           "em"  124  347.575409 531.549255 263.732635
  29           "en"  630  3321.777100 1506.353516 1094.817993
  30           "er" 1693  2625.604248 4957.516113 12754.266602
  31           "ey" 2271  3795.937744 5883.777832 17520.062500
  32           "hh" 1660  3961.114502 4158.869141 3364.641113
  33           "ih" 4248  5463.801270 7298.255371 15228.612305
  34           "ix" 7370  11084.756836 12327.646484 9336.434570
  35           "iy" 4626  29605.093750 10434.528320 7461.070801
  36           "jh" 1013  4587.464355 3505.555908 2274.419678
  37           "ng" 1220  2504.213379 2652.220215 5417.942383
  38           "ow" 1653  2632.205078 4942.681641 12222.685547
  39           "oy"  304  591.693420 1011.511597 3189.766846
  40           "sh" 1317  3510.390869 3517.583984 10455.146484
  41           "sp" 26402  65035.796875 54447.363281 41304.203125
  42           "th"  745  2954.516113 2828.773438 1354.182129
  43           "uh"  500  569.482666 972.161255 1808.354736
  44           "uw" 1952  8924.035156 3680.059326 4837.230957
  45           "zh"  149  686.195129 597.442200 347.277649
  46          "axr" 2445  11231.971680 4976.148926 3950.725342
  47          "sil" 8283  65035.796875 54447.363281 41304.203125
