   1            "b" 2489  4227.053711 5549.625000 6112.299805
   2            "d" 5021  11958.016602 6269.432129 7799.299316
   3            "f" 2207  6525.351074 10771.464844 5142.564941
   4            "g" 1465  3243.830811 2904.598877 4337.253906
   5            "k" 4539  18650.570312 9923.086914 12108.350586
   6            "l" 4883  12881.620117 17958.388672 11799.724609
   7            "m" 3570  6629.196777 10333.135742 8182.471680
   8            "n" 7524  14377.610352 11299.975586 20592.607422
   9            "p" 2966  7765.066895 10367.877930 8924.038086
  10            "r" 5454  10819.026367 12448.497070 12747.090820
  11            "s" 6148  13504.802734 16906.287109 40465.261719
  12            "t" 7847  20067.328125 15446.300781 12330.955078
  13            "v" 2074  4733.420898 3633.331299 3926.217041
  14            "w" 2218  6501.877930 6694.182617 6093.760254
  15            "y" 1229  3253.701660 2365.050781 3691.238770
  16            "z" 4203  14845.521484 18978.867188 10627.316406
  17           "aa" 2210  4497.139648 6538.381348 14553.875977
  18           "ae" 2959  5024.704102 7655.566895 18641.427734
  19           "ah" 4464  5711.041992 7407.481445 12679.263672
  20           "ao" 1893  3871.060547 4792.102051 12238.323242
  21           "aw"  771  1927.715576 2898.866943 7153.541992
  22           "ax" 4616  7349.907715 6181.873535 5130.095703
  23           "ay" 2058  5089.367188 7091.266602 17497.240234
  24           "ch"  805  3151.090576 4062.676758 2582.999023
  25           "dh" 2551  5308.639648 2756.251709 3180.447998
  26           "eh" 3005  4231.057129 6052.580566 12588.023438
  27           "el"  635  1027.861938 1767.249634 3911.515137
  28           "em"   34  156.476715 193.957138 160.291382
  29           "en"  161  872.277100 294.544312 260.792999
  30           "er" 2601  4489.031738 7102.671387 14758.377930
  31           "ey" 2137  4513.105469 6855.132324 14103.115234
  32           "hh" 1741  4178.033691 3984.889648 3474.006592
  33           "ih" 6902  8487.587891 9729.458008 17968.705078
  34           "ix" 2102  3050.181396 3816.209229 2729.315186
  35           "iy" 5052  27113.779297 12263.571289 10409.824219
  36           "jh" 1048  3937.598877 4326.275879 2439.404785
  37           "ng" 1250  2866.338623 3012.912598 5500.348633
  38           "ow" 1715  3454.776611 5091.164551 11157.404297
  39           "oy"  306  979.126648 1682.875366 2218.284424
  40           "sh" 1243  3303.279541 3504.598633 9146.083008
  41           "sp" 26436  60180.226562 56517.171875 35646.699219
  42           "th"  783  2274.639648 2915.532227 2039.498413
  43           "uh"  675  772.615967 1087.731812 1547.997192
  44           "uw" 2178  8648.034180 4135.057617 4742.437988
  45           "zh"   84  405.072784 366.200623 182.208923
  46          "axr" 1001  4111.359863 2222.971436 2102.425781
  47          "sil" 7392  60180.226562 56517.171875 35646.699219
