   1            "b" 2181  5744.467773 4507.976562 6187.632812
   2            "d" 4296  11075.534180 6446.146973 5995.057617
   3            "f" 2215  9972.802734 8785.555664 4739.721680
   4            "g" 1191  2499.819580 3004.551025 4536.589844
   5            "k" 3794  15913.914062 9229.073242 11434.739258
   6            "l" 4425  14681.945312 14066.708984 11727.671875
   7            "m" 3442  9490.221680 9718.497070 9627.830078
   8            "n" 6896  14013.083984 14616.088867 19608.031250
   9            "p" 2588  12758.625000 6613.343262 5894.284180
  10            "r" 4681  10429.867188 9940.997070 12670.213867
  11            "s" 6176  18201.412109 24381.134766 35027.308594
  12            "t" 3948  15524.041992 8199.689453 11196.418945
  13            "v" 1994  4591.579102 4211.138672 4094.836182
  14            "w" 2216  7681.135742 7192.914062 5650.000488
  15            "y"  995  2741.454346 2926.153320 2848.702393
  16            "z" 3682  15209.185547 13385.073242 9264.721680
  17           "aa" 2256  5745.657715 8407.214844 12700.556641
  18           "ae" 2292  5382.822754 8957.416992 14076.635742
  19           "ah" 2266  4262.684082 6010.820801 7389.416992
  20           "ao" 1865  4947.894531 7675.107422 10402.177734
  21           "aw"  728  2018.787598 4042.102295 5684.946777
  22           "ax" 3892  6053.588867 5210.494629 5069.503418
  23           "ay" 1934  5940.622559 10033.356445 12900.492188
  24           "ch"  820  3799.051270 3782.789062 2932.427490
  25           "dh" 2376  6953.773926 3851.541748 3755.724365
  26           "eh" 3277  6255.545410 7914.762695 11508.334961
  27           "el"  951  2104.615723 3268.786865 5198.767578
  28           "em"  124  393.018402 474.151031 354.380798
  29           "en"  630  2610.120117 2133.169434 1540.523193
  30           "er" 1693  4641.746094 6973.821777 8575.129883
  31           "ey" 2271  5883.495605 8381.464844 12534.392578
  32           "hh" 1660  4356.019531 4550.066895 3519.488037
  33           "ih" 4248  7336.741211 8332.078125 11305.673828
  34           "ix" 7370  11652.290039 11022.936523 10380.064453
  35           "iy" 4626  19140.445312 14152.774414 12436.311523
  36           "jh" 1013  4856.014648 3617.095703 2985.687988
  37           "ng" 1220  3165.302002 3227.641357 4682.391602
  38           "ow" 1653  4430.990723 7038.416016 8804.330078
  39           "oy"  304  729.885559 1235.650635 3145.284668
  40           "sh" 1317  3956.934814 5070.746094 8971.070312
  41           "th"  745  3212.794678 2662.586182 1716.635010
  42           "uh"  500  796.563293 1081.260498 1702.190674
  43           "uw" 1952  7478.907715 4470.734863 5658.858398
  44           "zh"  149  865.195435 491.344604 350.139801
  45          "axr" 2445  8012.897949 6345.451172 5821.064453
  46          "sil" 8283  58058.054688 58533.863281 26390.769531
