   1            "b"  414  422.566681 2645.031250 795.350525
   2            "d"  771  837.178406 5269.915527 1453.261719
   3            "f"  366  570.030762 422.217834 2796.348389
   4            "g"  230  240.103073 1082.630615 378.577911
   5            "k"  744  767.933838 6206.709473 1226.231934
   6            "l"  815  5286.398926 4771.354980 5359.432617
   7            "m"  557  791.925232 889.360291 5178.979980
   8            "n" 1035  1518.479370 1228.178711 7612.060059
   9            "p"  481  630.722534 877.112549 3344.748535
  10            "r"  670  1044.013062 893.812378 5519.561523
  11            "s"  891  1192.399780 1099.750000 6252.253418
  12            "t"  719  752.331543 5003.378906 1328.009644
  13            "v"  297  421.221649 510.330017 2656.806641
  14            "w"  409  3229.912109 2829.805664 641.040955
  15            "y"  184  1728.166626 265.078979 623.362122
  16            "z"  607  815.901001 958.365112 4271.194824
  17           "aa"  460  723.152771 766.221130 3666.546143
  18           "ae"  463  666.734314 638.083130 3968.165527
  19           "ah"  414  491.127777 654.281677 3226.440918
  20           "ao"  305  413.310791 376.719727 3510.848633
  21           "aw"  173  253.596100 290.883270 1818.069092
  22           "ax"  683  3179.133545 993.749451 3847.628662
  23           "ay"  359  539.410645 562.090210 3328.073486
  24           "ch"  208  1480.297485 491.654144 1272.891968
  25           "dh"  477  2571.396729 2496.796631 749.897156
  26           "eh"  579  752.805481 946.087341 4449.004395
  27           "el"  183  219.070175 264.901215 1223.250122
  28           "em"   12   12.778223  12.056246  52.621033
  29           "en"   71  117.832840  92.426727 495.193115
  30           "er"  301  382.686371 456.334625 2112.376953
  31           "ey"  340  536.973145 437.281219 2780.062012
  32           "hh"  345  1854.008667 2199.328125 489.761017
  33           "ih"  785  918.402222 1230.576538 6160.307129
  34           "ix" 1183  6542.076660 1909.306519 7749.216309
  35           "iy"  678  1060.071167 850.838440 3527.123047
  36           "jh"  183  1073.526367 283.985962 1017.011353
  37           "ng"  176  291.673798 252.308075 1532.417603
  38           "ow"  326  424.980438 564.549866 2802.521973
  39           "oy"   47   65.388771  54.568398 536.365662
  40           "sh"  206  276.010529 323.937042 1886.577026
  41           "th"  152  253.713455 250.424988 1052.106689
  42           "uh"  130  135.203766 1180.516479 782.816284
  43           "uw"  336  525.993103 437.117523 2870.586182
  44           "zh"   24   38.873817  35.400513 106.142715
  45          "axr"  336  547.503174 421.354492 2161.440918
  46          "sil" 1841  2432.171875 2958.038330 3389.972656
