   1            "b" 2489  3805.562988 4801.028320 7005.137695
   2            "d" 5021  13265.518555 6647.564453 6054.281738
   3            "f" 2207  7861.965332 9916.958008 3460.567627
   4            "g" 1465  2691.403809 2961.471436 4141.278320
   5            "k" 4539  12003.543945 9664.723633 17683.421875
   6            "l" 4883  13265.440430 22470.341797 12455.640625
   7            "m" 3570  6738.870605 6199.425781 10523.246094
   8            "n" 7524  19858.121094 13698.323242 22650.867188
   9            "p" 2966  12027.705078 9103.388672 5139.758301
  10            "r" 5454  7220.446289 9656.392578 14235.105469
  11            "s" 6148  13575.315430 12987.332031 40111.917969
  12            "t" 7847  21971.750000 14353.252930 12982.291992
  13            "v" 2074  4848.895996 3896.004150 2636.355469
  14            "w" 2218  5460.127930 8303.411133 4636.854980
  15            "y" 1229  3214.403076 2521.985352 4951.945801
  16            "z" 4203  14468.876953 19028.535156 10190.469727
  17           "aa" 2210  3977.138672 5184.442871 17807.259766
  18           "ae" 2959  4596.090820 5395.297363 21354.751953
  19           "ah" 4464  6546.955566 6280.217285 14002.993164
  20           "ao" 1893  3517.925293 4348.614258 13928.351562
  21           "aw"  771  1396.574585 2053.520020 7624.190430
  22           "ax" 4616  7203.507812 6801.458984 5737.255859
  23           "ay" 2058  3564.494629 5308.755859 19926.830078
  24           "ch"  805  3612.656006 3882.576416 2213.728271
  25           "dh" 2551  5515.821289 2738.727051 2959.752686
  26           "eh" 3005  4344.191895 4970.246582 14846.702148
  27           "el"  635  1026.551392 1419.369019 4444.082031
  28           "em"   34  139.215790 199.277176 116.334763
  29           "en"  161  851.874573 257.679504 213.842972
  30           "er" 2601  4023.650879 5363.305664 16869.248047
  31           "ey" 2137  3456.413574 4405.932617 16858.810547
  32           "hh" 1741  3353.642822 4032.467285 3207.196289
  33           "ih" 6902  9368.726562 9507.966797 20279.013672
  34           "ix" 2102  3276.638672 4264.629883 2879.429688
  35           "iy" 5052  32908.054688 8912.264648 6793.703613
  36           "jh" 1048  4454.811523 3688.731689 2169.385742
  37           "ng" 1250  2510.806641 2993.591309 5992.391113
  38           "ow" 1715  3034.249512 3913.704590 11863.968750
  39           "oy"  306  693.397522 1304.838135 2566.776855
  40           "sh" 1243  2995.259521 2727.419678 9320.762695
  41           "sp" 26436  58096.519531 53282.664062 40514.191406
  42           "th"  783  2444.682129 3469.766113 1213.595215
  43           "uh"  675  1021.594299 935.032593 1731.581177
  44           "uw" 2178  8621.666992 2817.256592 3811.722656
  45           "zh"   84  384.911682 375.691071 143.632309
  46          "axr" 1001  4915.096191 1853.301392 1471.381592
  47          "sil" 7392  58096.519531 53282.664062 40514.191406
