   1            "b" 2181  5694.374512 4643.757324 6242.364258
   2            "d" 4296  11008.947266 6618.540039 6090.696777
   3            "f" 2215  9645.511719 9031.478516 4917.968750
   4            "g" 1191  2535.475098 3033.884277 4510.855469
   5            "k" 3794  15887.953125 9274.653320 11441.963867
   6            "l" 4425  14773.645508 13785.596680 11884.673828
   7            "m" 3442  9614.356445 9806.074219 9710.383789
   8            "n" 6896  13994.937500 14749.561523 19480.373047
   9            "p" 2588  12749.394531 6628.400391 5975.164062
  10            "r" 4681  10588.185547 10087.797852 12555.410156
  11            "s" 6176  18235.228516 24735.621094 34427.582031
  12            "t" 3948  15581.045898 8291.342773 11210.196289
  13            "v" 1994  4580.343750 4323.322754 4164.911621
  14            "w" 2216  7681.111816 7190.888672 5618.699707
  15            "y"  995  2745.985596 2910.413330 2873.177734
  16            "z" 3682  15093.334961 13151.422852 9491.859375
  17           "aa" 2256  5872.474609 8598.612305 12249.959961
  18           "ae" 2292  5607.782715 8926.212891 13817.318359
  19           "ah" 2266  4342.891602 6054.600098 7197.757812
  20           "ao" 1865  5108.165527 7761.458496 10136.060547
  21           "aw"  728  2095.767822 4049.870605 5581.582520
  22           "ax" 3892  6092.394531 5178.330566 5105.621582
  23           "ay" 1934  6100.792969 9993.333984 12656.405273
  24           "ch"  820  3829.814941 3768.642334 3010.440918
  25           "dh" 2376  6893.895508 3902.075684 3802.431641
  26           "eh" 3277  6351.076172 7900.266113 11343.627930
  27           "el"  951  2207.627930 3270.628418 5146.125977
  28           "em"  124  398.245361 474.430603 358.075195
  29           "en"  630  2604.837891 2156.480713 1555.370117
  30           "er" 1693  4791.851562 6979.465820 8465.135742
  31           "ey" 2271  6180.450684 8536.126953 12230.833008
  32           "hh" 1660  4497.277832 4474.485352 3572.985840
  33           "ih" 4248  7420.648926 8170.550293 11354.988281
  34           "ix" 7370  11579.691406 10887.906250 10537.450195
  35           "iy" 4626  18726.458984 14103.994141 12586.335938
  36           "jh" 1013  4885.117188 3638.502197 3060.099854
  37           "ng" 1220  3176.001953 3211.567871 4690.575684
  38           "ow" 1653  4612.002441 6967.693848 8625.473633
  39           "oy"  304  749.232056 1243.240601 3125.688477
  40           "sh" 1317  4046.719238 5166.190430 8851.144531
  41           "th"  745  3166.040527 2661.245605 1784.493042
  42           "uh"  500  814.192566 1083.872314 1679.882568
  43           "uw" 1952  7342.933105 4452.387207 5709.004883
  44           "zh"  149  868.969910 497.048950 357.933929
  45          "axr" 2445  7915.483398 6358.702148 5982.408203
  46          "sil" 8283  57696.183594 58017.679688 26436.949219
