   1            "b" 2181  5440.008301 4500.590820 6124.450195
   2            "d" 4296  11194.720703 6213.312988 5799.607910
   3            "f" 2215  10868.053711 7720.174316 4298.297852
   4            "g" 1191  2184.231934 3025.217041 4395.946777
   5            "k" 3794  16320.144531 9090.471680 11020.294922
   6            "l" 4425  14029.902344 14987.390625 12163.347656
   7            "m" 3442  9132.809570 9904.561523 9070.339844
   8            "n" 6896  13910.579102 13989.833984 20362.386719
   9            "p" 2588  12747.885742 6778.980469 5564.838867
  10            "r" 4681  10084.607422 9690.279297 13174.988281
  11            "s" 6176  16805.541016 21979.310547 38530.550781
  12            "t" 3948  15560.392578 7972.605469 11080.288086
  13            "v" 1994  4871.700684 3818.245117 3779.983154
  14            "w" 2216  7636.473145 7224.732422 5645.767578
  15            "y"  995  2656.292236 2962.710938 2766.539307
  16            "z" 3682  16132.970703 13281.517578 8781.372070
  17           "aa" 2256  5312.602539 8203.062500 13842.335938
  18           "ae" 2292  4771.430664 8143.909180 15317.685547
  19           "ah" 2266  4148.069824 5510.650391 8303.671875
  20           "ao" 1865  4504.465332 7471.969727 11079.052734
  21           "aw"  728  1743.907349 3750.136719 6292.749023
  22           "ax" 3892  6074.879883 5331.458008 5089.885742
  23           "ay" 1934  5185.651367 9984.354492 14027.577148
  24           "ch"  820  3803.777832 3903.990479 2744.513672
  25           "dh" 2376  6956.744141 3656.708252 3576.451172
  26           "eh" 3277  5850.923340 7517.895020 12346.693359
  27           "el"  951  1937.624878 3182.205322 5341.733887
  28           "em"  124  379.971283 490.037201 332.958344
  29           "en"  630  2723.473389 2011.926514 1446.679321
  30           "er" 1693  4351.595215 6372.349121 9563.850586
  31           "ey" 2271  5226.776367 7930.191895 13558.817383
  32           "hh" 1660  4284.610352 4439.324219 3454.714355
  33           "ih" 4248  7043.809570 8567.818359 11528.978516
  34           "ix" 7370  11612.037109 11349.068359 10357.195312
  35           "iy" 4626  20293.341797 13440.400391 12352.797852
  36           "jh" 1013  4921.749512 3494.876221 2872.104248
  37           "ng" 1220  3155.031982 3126.676270 4809.172852
  38           "ow" 1653  3917.498047 7100.800293 9581.393555
  39           "oy"  304  647.978760 1193.976807 3267.008057
  40           "sh" 1317  3826.230957 4759.762207 9379.515625
  41           "th"  745  3452.327393 2505.419678 1589.223511
  42           "uh"  500  728.390625 1067.296021 1659.356689
  43           "uw" 1952  7573.253906 4618.920898 5456.935059
  44           "zh"  149  870.870361 481.057343 345.297180
  45          "axr" 2445  8591.791992 6063.086426 5450.794922
  46          "sil" 8283  58061.789062 60991.128906 25890.886719
