   1            "b" 2489  3959.067627 5563.265625 6330.757324
   2            "d" 5021  12926.248047 6919.825195 6208.005371
   3            "f" 2207  6382.693848 12038.968750 3938.458008
   4            "g" 1465  2786.815918 3168.437988 4048.577637
   5            "k" 4539  11700.864258 9850.383789 18014.703125
   6            "l" 4883  12419.177734 21832.648438 12372.959961
   7            "m" 3570  6737.578613 6388.868164 10521.949219
   8            "n" 7524  18019.271484 13004.812500 22270.435547
   9            "p" 2966  10323.597656 10638.733398 5967.643066
  10            "r" 5454  7555.350098 10303.030273 13574.439453
  11            "s" 6148  13764.293945 13010.839844 40356.035156
  12            "t" 7847  21712.802734 14734.640625 13062.280273
  13            "v" 2074  4809.667480 3971.752930 2808.106201
  14            "w" 2218  5391.938477 8242.256836 4678.274902
  15            "y" 1229  3188.452637 2444.083252 4853.125000
  16            "z" 4203  14421.187500 19082.134766 10317.983398
  17           "aa" 2210  4035.484375 5170.803223 17581.585938
  18           "ae" 2959  4824.002930 5472.698730 21679.046875
  19           "ah" 4464  6541.325684 6255.461914 13953.659180
  20           "ao" 1893  3614.421875 4437.900879 14064.541016
  21           "aw"  771  1452.409912 2037.580078 7576.352051
  22           "ax" 4616  7229.458496 6802.229492 5519.386719
  23           "ay" 2058  3705.278076 5246.029785 19717.345703
  24           "ch"  805  3612.929688 3918.054443 2245.948975
  25           "dh" 2551  5419.296387 2722.842285 3006.553467
  26           "eh" 3005  4469.268555 5016.100586 14991.509766
  27           "el"  635  1136.551758 1412.621216 4322.330078
  28           "em"   34  139.407791 200.682709 117.314941
  29           "en"  161  843.193359 256.488861 212.440964
  30           "er" 2601  4071.152588 5292.617676 16766.435547
  31           "ey" 2137  3725.849121 4887.666992 16126.654297
  32           "hh" 1741  3252.482422 4266.376953 3115.709961
  33           "ih" 6902  9414.453125 9508.604492 19988.353516
  34           "ix" 2102  3231.447266 4294.639160 2812.483643
  35           "iy" 5052  32112.937500 9151.535156 7346.022949
  36           "jh" 1048  4347.190918 3834.433350 2197.125977
  37           "ng" 1250  2613.227783 2968.446045 5838.383789
  38           "ow" 1715  3133.723389 3942.723389 11908.890625
  39           "oy"  306  766.106384 1596.352295 2234.901123
  40           "sh" 1243  3036.978027 2732.671631 9393.713867
  41           "sp" 26436  58133.023438 53833.691406 39859.402344
  42           "th"  783  2322.648682 3673.238770 1345.799561
  43           "uh"  675  1023.701782 921.916016 1728.200562
  44           "uw" 2178  8426.653320 2950.643311 3927.151611
  45           "zh"   84  371.571350 388.882080 156.430023
  46          "axr" 1001  4796.035156 1887.343750 1513.619629
  47          "sil" 7392  58133.023438 53833.691406 39859.402344
