   1            "b" 2489  5054.044434 5353.774414 6043.561035
   2            "d" 5021  10190.104492 8093.438477 7973.527344
   3            "f" 2207  7236.243164 9935.135742 5386.471191
   4            "g" 1465  3630.293701 3502.710693 4426.778320
   5            "k" 4539  17401.796875 10770.601562 12170.667969
   6            "l" 4883  15678.014648 13736.131836 13463.919922
   7            "m" 3570  8591.180664 10096.447266 9201.064453
   8            "n" 7524  14104.940430 13349.870117 21058.013672
   9            "p" 2966  7936.383301 9303.888672 9255.240234
  10            "r" 5454  12401.685547 12763.585938 13031.500977
  11            "s" 6148  17413.619141 26112.888672 26213.156250
  12            "t" 7847  18320.962891 13931.510742 14116.004883
  13            "v" 2074  4196.683105 4274.350098 4427.196289
  14            "w" 2218  6746.651367 6353.232910 6711.766113
  15            "y" 1229  3343.973877 2869.641357 3360.575195
  16            "z" 4203  13755.314453 17141.470703 12820.438477
  17           "aa" 2210  5456.302246 7526.927734 11972.622070
  18           "ae" 2959  6875.426758 9735.029297 14003.834961
  19           "ah" 4464  6713.623535 7391.494141 10295.465820
  20           "ao" 1893  5016.096191 6389.554688 9904.386719
  21           "aw"  771  2598.902100 4242.730957 4945.643555
  22           "ax" 4616  7281.521484 5887.203613 5552.479980
  23           "ay" 2058  6758.503418 9942.260742 12677.395508
  24           "ch"  805  3458.898438 3630.076660 2917.263184
  25           "dh" 2551  6027.651367 3904.899414 3734.737549
  26           "eh" 3005  5121.235352 6800.379395 9729.041016
  27           "el"  635  1531.823608 2275.249756 3360.056152
  28           "em"   34  166.937500 188.624069 169.097488
  29           "en"  161  748.705811 444.081848 339.296814
  30           "er" 2601  7045.762207 7657.479492 11599.115234
  31           "ey" 2137  5659.468750 8405.975586 10464.579102
  32           "hh" 1741  4546.327148 4059.326416 3438.351807
  33           "ih" 6902  10562.078125 10671.406250 14542.047852
  34           "ix" 2102  2892.976074 3502.954834 2949.249023
  35           "iy" 5052  19804.597656 14613.286133 12927.884766
  36           "jh" 1048  4280.942871 3735.984619 3272.269531
  37           "ng" 1250  3633.453613 3193.250488 5019.022461
  38           "ow" 1715  4406.966797 7035.887695 8189.477051
  39           "oy"  306  1233.980347 1558.588623 2226.498779
  40           "sh" 1243  4058.979004 4972.308105 6877.453125
  41           "sp" 26436  55435.457031 58398.000000 35220.972656
  42           "th"  783  2100.937988 2797.503662 2353.367188
  43           "uh"  675  897.616516 1054.161011 1658.545166
  44           "uw" 2178  7099.645020 4511.715332 5613.089355
  45           "zh"   84  448.089203 360.970459 239.555328
  46          "axr" 1001  3318.027832 2693.291748 2515.138184
  47          "sil" 7392  55435.457031 58398.000000 35220.972656
