   1            "b" 2181  4059.869385 5342.891113 5913.374023
   2            "d" 4296  9926.484375 6374.166992 5581.124512
   3            "f" 2215  12307.669922 6003.283203 4159.893555
   4            "g" 1191  2209.637939 2690.192627 3942.595459
   5            "k" 3794  15159.347656 9753.891602 10834.483398
   6            "l" 4425  13569.647461 15639.871094 11774.646484
   7            "m" 3442  6846.613770 8009.453125 11879.275391
   8            "n" 6896  15152.541992 10960.176758 20705.314453
   9            "p" 2588  11827.230469 7172.444824 4973.252441
  10            "r" 4681  9705.582031 10684.616211 11857.056641
  11            "s" 6176  14421.116211 20752.238281 41755.101562
  12            "t" 3948  14290.726562 9084.177734 10606.266602
  13            "v" 1994  4897.064453 3741.176514 3507.138184
  14            "w" 2216  6869.054688 7220.629883 5920.181641
  15            "y"  995  2939.203125 2577.384766 3014.652832
  16            "z" 3682  13392.500000 15236.316406 9031.907227
  17           "aa" 2256  4753.400879 6569.354492 15495.525391
  18           "ae" 2292  3962.768799 8137.478027 16036.051758
  19           "ah" 2266  3907.390869 5117.489746 9032.742188
  20           "ao" 1865  3461.842285 6356.968262 12380.838867
  21           "aw"  728  1549.343994 3323.753174 6836.195801
  22           "ax" 3892  5917.767578 5360.919434 4759.862305
  23           "ay" 1934  3872.054199 8075.183594 17012.083984
  24           "ch"  820  3043.334229 4336.797852 2655.392822
  25           "dh" 2376  5830.863281 3230.296875 3182.696289
  26           "eh" 3277  4917.578125 6990.864258 14167.221680
  27           "el"  951  1825.318359 2896.076660 5236.557617
  28           "em"  124  362.428680 506.315216 283.303680
  29           "en"  630  2945.058838 1642.677124 1433.780029
  30           "er" 1693  3717.633545 5282.599609 11047.486328
  31           "ey" 2271  4869.142578 7740.666016 14843.873047
  32           "hh" 1660  4102.837891 4359.814453 3539.315430
  33           "ih" 4248  6089.025879 8512.474609 12685.360352
  34           "ix" 7370  10973.098633 11946.506836 9697.365234
  35           "iy" 4626  24625.132812 12594.929688 9520.707031
  36           "jh" 1013  4505.464355 3383.460938 2882.458496
  37           "ng" 1220  2935.796875 2822.842773 4725.884277
  38           "ow" 1653  3207.434814 6436.965820 10432.344727
  39           "oy"  304  656.475891 1386.605713 3019.580566
  40           "sh" 1317  3761.625732 4904.548340 9068.568359
  41           "sp" 26402  65478.148438 55835.375000 41981.574219
  42           "th"  745  2761.108643 2747.734619 1673.130981
  43           "uh"  500  723.976868 908.643066 1693.425415
  44           "uw" 1952  8180.190918 4114.190430 5038.126465
  45           "zh"  149  671.466064 599.749329 393.904846
  46          "axr" 2445  9672.790039 5515.597168 4796.831543
  47          "sil" 8283  65478.148438 55835.375000 41981.574219
