   1            "b" 2181  4829.587402 5629.865723 5885.005371
   2            "d" 4296  10170.522461 7208.311523 6083.599121
   3            "f" 2215  9688.796875 8681.646484 4894.783203
   4            "g" 1191  2669.837402 2879.789795 4125.241699
   5            "k" 3794  15379.161133 9581.503906 11316.527344
   6            "l" 4425  14624.624023 13218.982422 12478.186523
   7            "m" 3442  7907.014160 8292.159180 11918.562500
   8            "n" 6896  14287.610352 12274.990234 20180.564453
   9            "p" 2588  11598.296875 6974.269531 6061.614746
  10            "r" 4681  10270.431641 10973.069336 11945.833984
  11            "s" 6176  18848.021484 26262.103516 32065.361328
  12            "t" 3948  14723.270508 9135.081055 10882.418945
  13            "v" 1994  4691.381348 4115.761230 4022.907715
  14            "w" 2216  7233.248047 6502.249512 6225.705566
  15            "y"  995  3041.538330 2724.060059 2783.529053
  16            "z" 3682  12982.216797 14146.029297 10464.869141
  17           "aa" 2256  5721.704590 7814.467773 12606.025391
  18           "ae" 2292  5475.994629 8651.155273 13691.783203
  19           "ah" 2266  4120.300293 5398.973145 7424.355469
  20           "ao" 1865  5046.707031 6921.829590 10321.625000
  21           "aw"  728  2120.935791 4003.931152 5470.243652
  22           "ax" 3892  5536.856445 5335.793945 4976.494629
  23           "ay" 1934  5769.462402 9571.665039 13209.212891
  24           "ch"  820  3337.798340 4101.169922 3021.328125
  25           "dh" 2376  5978.964355 4213.361328 3827.226318
  26           "eh" 3277  5710.969238 7893.726074 11349.896484
  27           "el"  951  2319.874023 3259.790039 4958.478516
  28           "em"  124  368.057129 493.891663 295.240387
  29           "en"  630  2496.276611 2027.545776 1672.145264
  30           "er" 1693  4766.475586 6435.435547 8695.721680
  31           "ey" 2271  6087.734863 9286.002930 11209.955078
  32           "hh" 1660  4319.492676 4590.297363 3530.455322
  33           "ih" 4248  7133.980957 8290.958984 11135.284180
  34           "ix" 7370  11290.666016 10410.942383 10486.809570
  35           "iy" 4626  18240.806641 14666.961914 12018.545898
  36           "jh" 1013  4581.250977 3598.749268 3074.938721
  37           "ng" 1220  3410.501953 2953.365479 4622.017578
  38           "ow" 1653  4502.919922 6836.215332 8507.006836
  39           "oy"  304  849.163147 1398.772583 2820.411621
  40           "sh" 1317  4357.887207 5368.274414 8176.528809
  41           "sp" 26402  58854.644531 58025.648438 40668.199219
  42           "th"  745  2680.607422 2780.912354 2019.796753
  43           "uh"  500  904.032776 972.010071 1632.004639
  44           "uw" 1952  7090.692383 4753.072266 5429.003418
  45           "zh"  149  714.867920 634.714722 378.619934
  46          "axr" 2445  7971.029297 5951.121582 6217.519043
  47          "sil" 8283  58854.644531 58025.648438 40668.199219
