   1            "b" 2181  4935.476074 5639.641602 5871.579102
   2            "d" 4296  10120.676758 7242.395508 6164.494141
   3            "f" 2215  9340.347656 9010.891602 5012.035645
   4            "g" 1191  2687.955566 2925.345215 4081.538574
   5            "k" 3794  15410.419922 9583.848633 11391.792969
   6            "l" 4425  14605.501953 13024.951172 12719.555664
   7            "m" 3442  8024.642090 8564.647461 11702.845703
   8            "n" 6896  14334.311523 12298.300781 20041.355469
   9            "p" 2588  11567.384766 7050.983398 6099.650391
  10            "r" 4681  10507.023438 10801.187500 11950.185547
  11            "s" 6176  19056.072266 26534.623047 31450.062500
  12            "t" 3948  14829.101562 8994.111328 11055.825195
  13            "v" 1994  4674.357422 4155.786621 4076.564941
  14            "w" 2216  7255.423828 6558.661133 6269.517578
  15            "y"  995  3051.601074 2708.151611 2804.124756
  16            "z" 3682  12927.187500 13994.833008 10530.233398
  17           "aa" 2256  5748.477539 7905.792480 12435.280273
  18           "ae" 2292  5557.981445 8640.364258 13490.152344
  19           "ah" 2266  4149.767578 5420.375000 7334.857422
  20           "ao" 1865  5139.531250 6878.482910 10202.200195
  21           "aw"  728  2198.620850 4002.945068 5371.092773
  22           "ax" 3892  5584.797852 5337.575195 4956.138672
  23           "ay" 1934  5896.037598 9676.487305 12934.614258
  24           "ch"  820  3375.182129 4059.575439 3040.653564
  25           "dh" 2376  6028.090332 4220.210449 3864.507812
  26           "eh" 3277  5777.173828 7972.929688 11144.125977
  27           "el"  951  2365.140137 3369.802734 4837.898438
  28           "em"  124  373.326508 493.816925 299.205017
  29           "en"  630  2458.981689 2051.133545 1673.448730
  30           "er" 1693  4868.407227 6561.158203 8467.089844
  31           "ey" 2271  6180.896973 9397.287109 10974.746094
  32           "hh" 1660  4324.598145 4610.628418 3583.088867
  33           "ih" 4248  7209.270508 8347.756836 11023.597656
  34           "ix" 7370  11281.794922 10186.282227 10675.902344
  35           "iy" 4626  17695.666016 14918.385742 12208.281250
  36           "jh" 1013  4621.506348 3571.346436 3097.932129
  37           "ng" 1220  3409.702393 3019.673096 4568.059570
  38           "ow" 1653  4543.376465 6968.112793 8340.747070
  39           "oy"  304  868.798889 1403.123901 2805.182373
  40           "sh" 1317  4371.906250 5534.809570 8018.260742
  41           "sp" 26402  58189.132812 57968.085938 40717.664062
  42           "th"  745  2684.463135 2812.479492 2053.460205
  43           "uh"  500  919.106262 997.813477 1622.935669
  44           "uw" 1952  7076.166016 4763.567871 5449.279785
  45           "zh"  149  718.046875 630.872192 378.316284
  46          "axr" 2445  7796.705078 6087.100098 6299.166504
  47          "sil" 8283  58189.132812 57968.085938 40717.664062
