   1            "b" 2181  2306.211426 6538.222168 4808.970703
   2            "d" 4296  5449.168457 11218.813477 13364.733398
   3            "f" 2215  8596.875977 3999.856689 4901.652832
   4            "g" 1191  1388.967041 3580.700195 1953.312500
   5            "k" 3794  5741.761230 9695.798828 7963.090332
   6            "l" 4425  20922.841797 44007.015625 19990.089844
   7            "m" 3442  5005.252441 5714.272949 20856.869141
   8            "n" 6896  20583.169922 8962.549805 27875.353516
   9            "p" 2588  8209.422852 6925.790039 9539.722656
  10            "r" 4681  7536.340332 7922.963867 13005.713867
  11            "s" 6176  9531.519531 10830.269531 21922.386719
  12            "t" 3948  5827.284180 10273.237305 11849.379883
  13            "v" 1994  3715.418457 3801.949951 8051.296387
  14            "w" 2216  11080.519531 17090.750000 3902.124512
  15            "y"  995  4325.912598 1214.288330 8763.700195
  16            "z" 3682  11524.738281 10804.520508 10506.124023
  17           "aa" 2256  3892.744141 4737.934570 16245.982422
  18           "ae" 2292  3924.769287 4289.860840 6491.085449
  19           "ah" 2266  3389.327881 4434.620117 11367.951172
  20           "ao" 1865  2418.484619 3140.055176 12837.300781
  21           "aw"  728  968.439697 1332.130249 5734.789062
  22           "ax" 3892  13874.557617 10694.166992 12741.636719
  23           "ay" 1934  3877.018311 3484.527100 10779.072266
  24           "ch"  820  3178.314453 4150.935547 2195.492676
  25           "dh" 2376  13330.817383 14175.838867 4031.369873
  26           "eh" 3277  5716.233887 6912.208008 12289.006836
  27           "el"  951  1280.199707 1954.235107 6350.708008
  28           "em"  124  286.139130 141.290894 411.739441
  29           "en"  630  2080.547363 768.335083 1003.834595
  30           "er" 1693  2828.569580 3204.034424 13773.643555
  31           "ey" 2271  4037.003906 3733.449463 4675.802734
  32           "hh" 1660  4933.526367 12896.644531 3466.963135
  33           "ih" 4248  8066.603027 8508.730469 20999.208984
  34           "ix" 7370  22965.746094 35880.878906 28383.855469
  35           "iy" 4626  7860.313477 6776.174316 8490.207031
  36           "jh" 1013  4122.075684 4483.939453 2761.034424
  37           "ng" 1220  2514.973389 1991.488159 8884.458984
  38           "ow" 1653  2329.907959 3229.291992 12226.096680
  39           "oy"  304  397.986328 572.304077 2146.119385
  40           "sh" 1317  1869.889038 2072.156982 5841.800781
  41           "th"  745  3295.909180 1848.521118 3150.675293
  42           "uh"  500  1358.727661 2109.316162 2724.006592
  43           "uw" 1952  3922.819824 3288.711182 3957.477051
  44           "zh"  149  536.368591 289.414551 693.151367
  45          "axr" 2445  4598.665039 3675.699951 4498.207031
  46          "sil" 8283  43622.980469 54593.023438 25132.789062
