   1            "b" 2181  2695.704590 2999.917969 7202.925781
   2            "d" 4296  10899.635742 6343.722656 9875.146484
   3            "f" 2215  13607.826172 4654.491699 3604.386230
   4            "g" 1191  1858.166260 1729.046631 4090.505859
   5            "k" 3794  15899.565430 7623.862305 9603.607422
   6            "l" 4425  17555.591797 22080.001953 10639.140625
   7            "m" 3442  7236.680176 8915.986328 8080.912598
   8            "n" 6896  23486.910156 13765.246094 21995.523438
   9            "p" 2588  13019.598633 7818.930664 3626.505615
  10            "r" 4681  6514.091309 7360.195312 15573.983398
  11            "s" 6176  12562.723633 16004.115234 49683.957031
  12            "t" 3948  16821.142578 6748.056641 9080.600586
  13            "v" 1994  5931.158203 3139.581543 2767.270264
  14            "w" 2216  7659.448242 8583.043945 3409.375000
  15            "y"  995  2328.753418 3485.599121 4453.012695
  16            "z" 3682  17491.951172 12783.212891 7636.915039
  17           "aa" 2256  3420.886963 4981.290527 21478.498047
  18           "ae" 2292  2775.387207 3713.744141 20461.390625
  19           "ah" 2266  3188.708984 3399.439941 11476.388672
  20           "ao" 1865  2717.376221 4366.437500 16143.223633
  21           "aw"  728  1215.419312 1991.788940 8405.421875
  22           "ax" 3892  5718.737793 6203.420410 5716.607422
  23           "ay" 1934  3081.419434 4050.565430 21923.162109
  24           "ch"  820  3778.757568 3914.165527 2192.332275
  25           "dh" 2376  6752.527832 3911.575928 2692.850342
  26           "eh" 3277  4459.592285 4473.960938 16027.242188
  27           "el"  951  1313.256226 2073.166504 7558.546387
  28           "em"  124  367.123230 479.076569 254.927765
  29           "en"  630  3410.181152 1177.259766 973.261597
  30           "er" 1693  2285.546631 4308.238770 14678.238281
  31           "ey" 2271  3088.197266 3457.244385 18792.181641
  32           "hh" 1660  5294.132324 4484.024414 2772.516113
  33           "ih" 4248  6184.463379 5585.718750 16202.038086
  34           "ix" 7370  10968.650391 13305.110352 12769.628906
  35           "iy" 4626  29459.402344 6561.791504 6423.373047
  36           "jh" 1013  4849.807617 3024.618652 2643.513672
  37           "ng" 1220  1955.297363 2095.836914 6550.800781
  38           "ow" 1653  2372.461670 4050.415283 13397.408203
  39           "oy"  304  405.033630 868.359253 3594.056396
  40           "sh" 1317  3179.953125 3357.030762 11241.161133
  41           "th"  745  4127.738770 2192.313477 1153.168091
  42           "uh"  500  808.213013 971.001221 1997.459473
  43           "uw" 1952  8158.359375 2530.591797 3285.753906
  44           "zh"  149  939.698425 332.322235 307.971497
  45          "axr" 2445  11409.202148 3417.344727 2992.645996
  46          "sil" 8283  61217.175781 60938.007812 24601.917969
