   1            "b" 2181  4150.589355 5563.974121 5892.916016
   2            "d" 4296  10186.468750 6798.866699 5594.804688
   3            "f" 2215  11295.299805 6780.537598 4365.354004
   4            "g" 1191  2333.135498 2753.938965 4039.509766
   5            "k" 3794  15056.493164 9809.094727 10949.121094
   6            "l" 4425  14301.877930 14258.598633 11941.536133
   7            "m" 3442  7309.667480 8059.787109 11714.530273
   8            "n" 6896  13852.549805 11778.264648 20409.367188
   9            "p" 2588  11561.454102 6825.958008 5461.919922
  10            "r" 4681  10507.889648 10928.555664 11398.079102
  11            "s" 6176  16564.113281 22747.517578 38551.687500
  12            "t" 3948  14077.865234 9144.434570 10789.283203
  13            "v" 1994  4776.966309 3790.298340 3651.235107
  14            "w" 2216  6742.567383 6754.354004 6197.228516
  15            "y"  995  2963.953857 2751.103516 2855.537354
  16            "z" 3682  13196.497070 15205.112305 9498.294922
  17           "aa" 2256  5261.395020 7237.073730 13883.131836
  18           "ae" 2292  4469.335449 8875.068359 14942.769531
  19           "ah" 2266  4146.705566 5142.670898 8416.262695
  20           "ao" 1865  4101.571777 7120.746582 10949.282227
  21           "aw"  728  1778.854126 3853.845459 6227.445312
  22           "ax" 3892  5759.269043 5591.756836 4836.991699
  23           "ay" 1934  4589.927246 9110.992188 15233.023438
  24           "ch"  820  3263.102051 4229.768066 2829.480957
  25           "dh" 2376  6002.141602 3705.628418 3294.192139
  26           "eh" 3277  5284.538574 7998.072266 12459.719727
  27           "el"  951  2059.956787 3042.140381 5063.815918
  28           "em"  124  359.609772 504.620453 286.730225
  29           "en"  630  2694.151611 1813.372314 1559.580688
  30           "er" 1693  4099.923828 6146.692383 9719.814453
  31           "ey" 2271  5108.873047 8510.034180 13501.216797
  32           "hh" 1660  4126.635742 4423.648926 3542.628174
  33           "ih" 4248  6302.531738 8483.961914 12256.165039
  34           "ix" 7370  11252.126953 11851.271484 9657.933594
  35           "iy" 4626  22014.607422 13732.990234 10528.839844
  36           "jh" 1013  4438.981934 3500.324707 2932.023438
  37           "ng" 1220  3245.468018 2847.119141 4752.229004
  38           "ow" 1653  3867.838867 6481.697754 9563.126953
  39           "oy"  304  731.894226 1388.922974 2891.943848
  40           "sh" 1317  3968.064209 4983.580566 8805.708008
  41           "sp" 26402  62324.363281 56664.062500 42435.042969
  42           "th"  745  2738.344727 2753.060059 1769.175293
  43           "uh"  500  804.156982 906.584473 1633.972168
  44           "uw" 1952  7559.035156 4471.817383 5182.289551
  45           "zh"  149  699.047241 611.232910 383.770691
  46          "axr" 2445  8929.426758 5536.572266 5558.618652
  47          "sil" 8283  62324.363281 56664.062500 42435.042969
