   1            "b" 2489  4873.254395 5310.328125 6212.139648
   2            "d" 5021  10263.043945 7903.502441 7934.684570
   3            "f" 2207  7071.766113 9892.221680 5443.433594
   4            "g" 1465  3508.847900 3553.310791 4345.983398
   5            "k" 4539  17814.759766 10625.623047 12198.305664
   6            "l" 4883  15174.902344 14430.407227 13210.014648
   7            "m" 3570  8172.950195 10206.163086 9065.534180
   8            "n" 7524  14302.278320 13262.055664 20567.335938
   9            "p" 2966  7572.980957 9554.381836 9199.412109
  10            "r" 5454  12160.510742 12840.384766 13031.565430
  11            "s" 6148  16925.064453 25858.873047 27338.447266
  12            "t" 7847  18373.449219 14079.357422 13861.914062
  13            "v" 2074  4177.775879 4283.797852 4336.534180
  14            "w" 2218  6557.740723 6412.949707 6683.534180
  15            "y" 1229  3319.385498 2850.306396 3372.539795
  16            "z" 4203  14183.692383 17438.878906 12477.798828
  17           "aa" 2210  5349.658691 7353.668457 12504.219727
  18           "ae" 2959  6533.367188 9499.845703 14749.582031
  19           "ah" 4464  6592.464355 7161.960449 10727.072266
  20           "ao" 1893  4742.318359 6625.076172 9825.213867
  21           "aw"  771  2479.942139 4068.261475 5263.079590
  22           "ax" 4616  7233.633789 5978.604492 5476.807129
  23           "ay" 2058  6481.470703 9910.558594 12897.969727
  24           "ch"  805  3413.464600 3645.946533 2921.341064
  25           "dh" 2551  6018.391113 3847.089600 3599.144287
  26           "eh" 3005  5117.437988 6795.343262 9930.510742
  27           "el"  635  1463.330688 2198.351562 3391.111328
  28           "em"   34  167.012268 188.234406 168.098129
  29           "en"  161  745.242432 438.854279 325.300751
  30           "er" 2601  6756.412598 7772.366699 11791.148438
  31           "ey" 2137  5362.979980 8133.510742 11045.936523
  32           "hh" 1741  4446.988770 4032.477783 3433.979492
  33           "ih" 6902  10232.625977 10792.743164 14969.143555
  34           "ix" 2102  2915.833984 3500.875000 2951.271240
  35           "iy" 5052  20004.330078 14880.537109 12728.848633
  36           "jh" 1048  4272.097168 3806.343994 3199.538086
  37           "ng" 1250  3712.299561 2990.770264 5084.220703
  38           "ow" 1715  4334.801758 6944.116211 8416.764648
  39           "oy"  306  1215.928955 1570.145264 2232.605957
  40           "sh" 1243  3964.065674 5020.835449 6922.162598
  41           "sp" 26436  55633.281250 57947.121094 36167.011719
  42           "th"  783  2096.461182 2842.509521 2281.629395
  43           "uh"  675  880.853394 1049.090332 1623.749512
  44           "uw" 2178  7248.293457 4331.610840 5587.271484
  45           "zh"   84  436.616058 359.485352 231.578232
  46          "axr" 1001  3400.302734 2587.939941 2518.047607
  47          "sil" 7392  55633.281250 57947.121094 36167.011719
