   1            "b" 2181  4222.349609 5684.764648 5923.602539
   2            "d" 4296  10241.260742 6912.701660 5589.911621
   3            "f" 2215  10976.304688 7108.805664 4432.719238
   4            "g" 1191  2384.500488 2801.221680 4029.943115
   5            "k" 3794  15204.096680 9763.014648 10872.369141
   6            "l" 4425  14465.082031 14033.785156 11924.474609
   7            "m" 3442  7454.510254 8015.156250 11841.264648
   8            "n" 6896  13782.557617 11878.044922 20239.248047
   9            "p" 2588  11694.041016 6794.596680 5570.683594
  10            "r" 4681  10577.603516 10934.044922 11615.555664
  11            "s" 6176  17113.158203 23558.273438 36981.304688
  12            "t" 3948  14362.561523 9119.415039 10752.507812
  13            "v" 1994  4776.341309 3829.336182 3687.471191
  14            "w" 2216  6908.960938 6688.575195 6206.189941
  15            "y"  995  3003.562500 2716.122803 2840.990234
  16            "z" 3682  13136.357422 14982.342773 9728.712891
  17           "aa" 2256  5449.614258 7353.264160 13684.618164
  18           "ae" 2292  4657.728516 8979.257812 14514.086914
  19           "ah" 2266  4152.561035 5258.828613 8142.048340
  20           "ao" 1865  4278.424316 7147.244629 10715.328125
  21           "aw"  728  1837.464478 3886.284668 6098.385254
  22           "ax" 3892  5667.341309 5593.829102 4801.736816
  23           "ay" 1934  4872.680176 9237.817383 14708.005859
  24           "ch"  820  3282.523438 4238.095703 2834.987305
  25           "dh" 2376  6047.049805 3819.478271 3381.900146
  26           "eh" 3277  5273.960938 7973.840820 12244.627930
  27           "el"  951  2116.752197 3052.160645 5083.163574
  28           "em"  124  360.222839 503.186829 284.484741
  29           "en"  630  2678.578613 1854.804321 1584.168701
  30           "er" 1693  4219.969727 6320.639648 9338.546875
  31           "ey" 2271  5272.110840 8667.215820 12979.712891
  32           "hh" 1660  4120.701660 4509.828125 3507.124512
  33           "ih" 4248  6418.730957 8405.936523 12043.458984
  34           "ix" 7370  11251.846680 11658.478516 9737.301758
  35           "iy" 4626  21261.048828 13879.090820 11024.046875
  36           "jh" 1013  4402.253906 3579.141357 2967.071533
  37           "ng" 1220  3330.884277 2849.990479 4690.577637
  38           "ow" 1653  4084.013184 6584.223633 9273.801758
  39           "oy"  304  747.955750 1395.671997 2914.263672
  40           "sh" 1317  4092.569336 5050.174805 8691.442383
  41           "sp" 26402  61523.878906 57406.257812 41736.101562
  42           "th"  745  2739.953857 2775.356689 1815.357910
  43           "uh"  500  818.837158 927.329285 1602.930786
  44           "uw" 1952  7425.220703 4555.142578 5266.084961
  45           "zh"  149  697.583679 615.864319 380.770813
  46          "axr" 2445  8940.774414 5497.463379 5731.416504
  47          "sil" 8283  61523.878906 57406.257812 41736.101562
