   1            "b" 2489  4855.847168 5291.027832 6277.247070
   2            "d" 5021  10386.498047 7664.097168 7852.194824
   3            "f" 2207  7126.612305 9822.400391 5396.270020
   4            "g" 1465  3419.744141 3575.519775 4245.166992
   5            "k" 4539  17846.777344 10678.292969 12077.361328
   6            "l" 4883  15100.850586 14517.296875 13247.888672
   7            "m" 3570  7931.384766 10356.894531 8884.919922
   8            "n" 7524  14355.354492 13097.122070 20405.687500
   9            "p" 2966  7668.557129 9567.267578 9181.951172
  10            "r" 5454  12317.367188 12828.706055 13182.416992
  11            "s" 6148  16391.509766 25202.191406 28513.640625
  12            "t" 7847  18901.123047 14387.079102 13230.630859
  13            "v" 2074  4187.916992 4216.941895 4222.094727
  14            "w" 2218  6466.206543 6409.999512 6660.183105
  15            "y" 1229  3279.816162 2814.409424 3324.889648
  16            "z" 4203  14298.759766 17879.839844 12110.620117
  17           "aa" 2210  5479.920898 7222.737305 12612.351562
  18           "ae" 2959  6302.138184 9358.708984 15209.448242
  19           "ah" 4464  6516.517578 7110.022461 10890.924805
  20           "ao" 1893  4585.006348 6690.996094 9848.418945
  21           "aw"  771  2430.733887 3927.465088 5472.468750
  22           "ax" 4616  7304.477051 5963.524902 5415.521973
  23           "ay" 2058  6285.100098 9657.799805 13234.394531
  24           "ch"  805  3426.425537 3652.650879 2879.328857
  25           "dh" 2551  6007.385254 3761.328613 3530.323242
  26           "eh" 3005  5036.221680 6661.707520 10039.742188
  27           "el"  635  1416.473389 2157.274414 3372.462646
  28           "em"   34  165.641647 189.553543 165.845551
  29           "en"  161  756.942688 430.903870 322.504517
  30           "er" 2601  6399.221191 7809.060059 12235.691406
  31           "ey" 2137  5230.197754 7855.098633 11521.462891
  32           "hh" 1741  4436.207031 4000.887939 3387.722900
  33           "ih" 6902  9772.468750 10844.036133 15375.580078
  34           "ix" 2102  2891.291504 3520.393311 2989.263672
  35           "iy" 5052  20379.662109 14982.339844 12450.502930
  36           "jh" 1048  4325.006348 3839.598389 3084.804199
  37           "ng" 1250  3729.001221 2952.055420 5115.828125
  38           "ow" 1715  4197.258301 6856.509277 8601.505859
  39           "oy"  306  1165.613403 1573.032837 2254.400146
  40           "sh" 1243  3907.386475 4993.886230 6991.591797
  41           "sp" 26436  56945.609375 57574.644531 35865.097656
  42           "th"  783  2080.399170 2892.727783 2246.949219
  43           "uh"  675  857.340820 1097.545044 1574.247314
  44           "uw" 2178  7219.779297 4363.635254 5665.282227
  45           "zh"   84  428.825378 356.001495 221.563278
  46          "axr" 1001  3515.628174 2450.411133 2556.739258
  47          "sil" 7392  56945.609375 57574.644531 35865.097656
