   1            "b" 2181  4120.081055 5348.648438 5867.354004
   2            "d" 4296  10050.280273 6588.417969 5591.499023
   3            "f" 2215  11875.364258 6306.831543 4254.624023
   4            "g" 1191  2228.204590 2736.380371 4006.235840
   5            "k" 3794  14928.663086 9954.937500 10925.163086
   6            "l" 4425  13919.692383 14991.417969 11889.495117
   7            "m" 3442  7069.620605 8007.729492 11806.540039
   8            "n" 6896  14617.328125 11356.040039 20436.125000
   9            "p" 2588  11630.088867 7012.197754 5217.716309
  10            "r" 4681  9987.263672 10844.088867 11540.023438
  11            "s" 6176  15480.771484 21768.937500 40344.539062
  12            "t" 3948  14092.724609 9198.454102 10735.995117
  13            "v" 1994  4876.115723 3725.663330 3600.264893
  14            "w" 2216  6699.069824 7052.769531 6021.376953
  15            "y"  995  2941.179443 2683.119141 2918.654297
  16            "z" 3682  13328.540039 15363.048828 9170.300781
  17           "aa" 2256  4970.891113 6850.663086 14798.395508
  18           "ae" 2292  4143.812012 8541.885742 15656.862305
  19           "ah" 2266  4057.367432 5113.044434 8784.257812
  20           "ao" 1865  3742.024902 6801.030273 11767.118164
  21           "aw"  728  1651.577271 3601.890137 6559.524902
  22           "ax" 3892  5925.722656 5459.226074 4814.148438
  23           "ay" 1934  4184.079102 8523.874023 16315.789062
  24           "ch"  820  3213.214355 4252.579102 2756.878906
  25           "dh" 2376  5930.877930 3401.917480 3224.792236
  26           "eh" 3277  5139.834473 7470.689453 13368.871094
  27           "el"  951  1927.737427 2945.479980 5132.562012
  28           "em"  124  361.356750 507.441833 283.000366
  29           "en"  630  2851.879883 1682.522461 1495.766968
  30           "er" 1693  3867.015625 5730.797363 10438.570312
  31           "ey" 2271  4976.743164 8048.531250 14270.144531
  32           "hh" 1660  4108.709473 4376.146484 3570.739014
  33           "ih" 4248  6103.265137 8545.493164 12468.327148
  34           "ix" 7370  11144.158203 11866.344727 9695.738281
  35           "iy" 4626  23561.660156 13029.154297 9912.427734
  36           "jh" 1013  4447.444336 3442.685547 2929.127441
  37           "ng" 1220  3064.196045 2826.479492 4709.387695
  38           "ow" 1653  3469.086182 6460.172363 10023.455078
  39           "oy"  304  699.317078 1397.664673 2942.952637
  40           "sh" 1317  3819.322754 5005.571289 8914.739258
  41           "sp" 26402  63758.320312 55731.460938 42659.406250
  42           "th"  745  2771.625488 2734.621338 1718.014526
  43           "uh"  500  758.186157 891.649292 1679.135620
  44           "uw" 1952  7817.953613 4285.834473 5140.022461
  45           "zh"  149  689.578796 605.208252 387.379486
  46          "axr" 2445  9096.485352 5583.696777 5247.931641
  47          "sil" 8283  63758.320312 55731.460938 42659.406250
