   1            "b" 2181  5745.974121 4499.988770 6204.284668
   2            "d" 4296  11131.976562 6445.597168 6023.222656
   3            "f" 2215  9923.127930 8839.054688 4766.811035
   4            "g" 1191  2517.104980 3026.414062 4545.656738
   5            "k" 3794  15880.501953 9243.791016 11418.126953
   6            "l" 4425  14680.164062 14123.056641 11707.128906
   7            "m" 3442  9549.384766 9705.191406 9655.128906
   8            "n" 6896  14031.514648 14638.193359 19602.789062
   9            "p" 2588  12772.383789 6604.623047 5902.764160
  10            "r" 4681  10527.166992 9867.570312 12649.637695
  11            "s" 6176  18218.462891 24496.400391 34910.585938
  12            "t" 3948  15561.848633 8228.609375 11168.593750
  13            "v" 1994  4604.201660 4223.039551 4088.452637
  14            "w" 2216  7695.730957 7179.276855 5641.940430
  15            "y"  995  2747.230225 2910.082031 2862.563965
  16            "z" 3682  15163.186523 13393.861328 9307.461914
  17           "aa" 2256  5768.910645 8409.545898 12619.361328
  18           "ae" 2292  5416.679199 8941.106445 14046.645508
  19           "ah" 2266  4289.453125 6010.314453 7359.265625
  20           "ao" 1865  5006.779297 7674.301270 10304.083008
  21           "aw"  728  2034.307007 4039.414795 5649.148926
  22           "ax" 3892  6064.027344 5209.538574 5058.625977
  23           "ay" 1934  5999.405762 10034.115234 12802.669922
  24           "ch"  820  3805.866455 3774.873047 2951.055664
  25           "dh" 2376  6923.086426 3899.804688 3759.655762
  26           "eh" 3277  6264.662109 7901.692383 11483.377930
  27           "el"  951  2132.384277 3280.336914 5183.935547
  28           "em"  124  393.781799 472.537170 356.280731
  29           "en"  630  2607.112305 2134.732422 1539.104248
  30           "er" 1693  4657.875977 6971.999023 8534.914062
  31           "ey" 2271  5937.100586 8517.164062 12396.790039
  32           "hh" 1660  4389.973633 4529.856934 3537.835938
  33           "ih" 4248  7348.022461 8234.011719 11291.097656
  34           "ix" 7370  11651.283203 11026.091797 10395.324219
  35           "iy" 4626  19046.513672 14109.796875 12462.813477
  36           "jh" 1013  4873.765625 3624.416016 3005.724854
  37           "ng" 1220  3157.723633 3242.153320 4677.736328
  38           "ow" 1653  4455.297363 7020.033691 8779.604492
  39           "oy"  304  736.629761 1232.413330 3146.451172
  40           "sh" 1317  3973.524658 5107.023438 8952.588867
  41           "th"  745  3191.951904 2678.843750 1724.531128
  42           "uh"  500  799.812256 1082.477539 1701.496216
  43           "uw" 1952  7445.563965 4476.405762 5664.671387
  44           "zh"  149  868.684143 492.391205 351.649200
  45          "axr" 2445  7985.657227 6355.541016 5887.492188
  46          "sil" 8283  58091.343750 58479.816406 26206.029297
