   1            "b" 2489  4724.876953 5227.761230 6252.449219
   2            "d" 5021  11046.126953 6785.005859 7972.245605
   3            "f" 2207  6730.859863 10106.788086 5340.378906
   4            "g" 1465  3264.258545 3282.698242 4141.848633
   5            "k" 4539  18218.931641 9944.374023 12091.080078
   6            "l" 4883  14311.655273 15900.792969 12811.506836
   7            "m" 3570  7151.014160 10545.048828 8915.621094
   8            "n" 7524  14709.483398 12407.366211 20401.470703
   9            "p" 2966  7597.071777 9759.672852 9264.281250
  10            "r" 5454  12106.949219 12466.774414 13072.942383
  11            "s" 6148  15050.747070 21710.498047 34366.210938
  12            "t" 7847  18711.892578 14990.053711 12597.208008
  13            "v" 2074  4516.201172 3753.176270 4012.106201
  14            "w" 2218  6376.443848 6600.562500 6458.490723
  15            "y" 1229  3360.868652 2576.717041 3246.088867
  16            "z" 4203  14485.165039 17941.283203 12151.086914
  17           "aa" 2210  5198.667969 6764.394531 13474.112305
  18           "ae" 2959  5833.449219 8658.900391 16649.109375
  19           "ah" 4464  6287.750488 7140.233887 11586.091797
  20           "ao" 1893  4208.896484 6129.827637 10688.805664
  21           "aw"  771  2245.194336 3515.041748 6088.969727
  22           "ax" 4616  7557.684082 5965.350098 5392.953613
  23           "ay" 2058  5639.635742 8566.689453 14964.924805
  24           "ch"  805  3283.382324 3846.700195 2777.210693
  25           "dh" 2551  5202.600098 3334.807373 3387.551025
  26           "eh" 3005  4681.020996 6693.350586 10640.208984
  27           "el"  635  1244.148315 2006.273804 3454.418701
  28           "em"   34  163.313782 191.603729 164.107788
  29           "en"  161  776.173584 396.534912 294.081848
  30           "er" 2601  5548.412598 7946.942383 13008.679688
  31           "ey" 2137  4845.294922 7347.110840 12784.937500
  32           "hh" 1741  4164.009277 4095.047119 3470.689453
  33           "ih" 6902  9052.502930 10711.815430 16268.623047
  34           "ix" 2102  2928.095703 3637.613281 3026.638672
  35           "iy" 5052  22888.228516 14212.084961 11418.142578
  36           "jh" 1048  4176.775879 3962.928223 2919.164795
  37           "ng" 1250  3559.967041 3007.948242 5084.371094
  38           "ow" 1715  3936.203613 6445.307617 9331.476562
  39           "oy"  306  990.769958 1667.192627 2215.147461
  40           "sh" 1243  3585.929443 4791.629395 7518.917969
  41           "sp" 26436  59323.398438 55658.273438 36967.292969
  42           "th"  783  2133.236572 2899.676270 2141.052734
  43           "uh"  675  839.726990 1099.407349 1553.826172
  44           "uw" 2178  7925.966309 4319.700195 5266.815918
  45           "zh"   84  411.231781 357.003113 211.716873
  46          "axr" 1001  3569.827148 2535.063477 2425.108154
  47          "sil" 7392  59323.398438 55658.273438 36967.292969
