   1            "b" 2489  5157.966309 5400.504395 6009.114746
   2            "d" 5021  10097.554688 8161.196777 8033.567871
   3            "f" 2207  7210.385742 9923.588867 5426.103027
   4            "g" 1465  3708.591064 3478.244873 4446.485352
   5            "k" 4539  17324.546875 10835.551758 12168.518555
   6            "l" 4883  15858.821289 13510.167969 13512.052734
   7            "m" 3570  8924.469727 9997.285156 9208.985352
   8            "n" 7524  14236.037109 13349.546875 21068.552734
   9            "p" 2966  8129.081543 9170.806641 9248.977539
  10            "r" 5454  12459.554688 12700.838867 12988.981445
  11            "s" 6148  17909.740234 25546.933594 26027.458984
  12            "t" 7847  18272.273438 13877.543945 14286.036133
  13            "v" 2074  4219.241211 4303.685059 4394.704102
  14            "w" 2218  6869.546387 6260.376465 6698.349609
  15            "y" 1229  3360.554688 2847.192139 3360.459961
  16            "z" 4203  13755.649414 16669.830078 13229.054688
  17           "aa" 2210  5448.273926 7677.340332 11861.084961
  18           "ae" 2959  7008.052246 9851.940430 13675.029297
  19           "ah" 4464  6729.867188 7509.816406 10028.977539
  20           "ao" 1893  5154.669434 6326.523926 9937.111328
  21           "aw"  771  2647.524414 4267.295410 4882.688965
  22           "ax" 4616  7258.301758 5885.398438 5558.071289
  23           "ay" 2058  6937.303711 9902.839844 12511.722656
  24           "ch"  805  3482.007568 3621.436523 2926.422119
  25           "dh" 2551  6018.893066 3876.723145 3797.370850
  26           "eh" 3005  5220.129395 6786.374023 9579.975586
  27           "el"  635  1582.072754 2321.222412 3282.452637
  28           "em"   34  166.442657 187.934021 168.988998
  29           "en"  161  754.566406 443.217438 341.822540
  30           "er" 2601  7196.052246 7783.963379 11319.011719
  31           "ey" 2137  5771.493164 8472.064453 10243.076172
  32           "hh" 1741  4543.479980 4041.365967 3479.388184
  33           "ih" 6902  10593.065430 10740.972656 14389.935547
  34           "ix" 2102  2868.340820 3505.714355 2977.913818
  35           "iy" 5052  19398.312500 14996.341797 12826.358398
  36           "jh" 1048  4272.029785 3697.079834 3346.635986
  37           "ng" 1250  3635.074951 3214.877197 5009.336914
  38           "ow" 1715  4544.463379 7005.224121 8103.818848
  39           "oy"  306  1230.797729 1560.124146 2228.588135
  40           "sh" 1243  4150.682129 4965.974609 6844.515137
  41           "sp" 26436  55363.695312 58297.722656 35208.320312
  42           "th"  783  2092.447021 2768.889160 2397.790771
  43           "uh"  675  896.284790 1054.591064 1657.397339
  44           "uw" 2178  6979.350098 4577.232910 5629.698730
  45           "zh"   84  449.619141 361.889557 238.266846
  46          "axr" 1001  3287.570312 2730.409424 2520.583008
  47          "sil" 7392  55363.695312 58297.722656 35208.320312
