   1            "b" 2489  4816.000488 5332.415039 6298.027344
   2            "d" 5021  10479.091797 7483.640625 7867.411133
   3            "f" 2207  7061.074219 9923.590820 5342.159180
   4            "g" 1465  3369.846924 3567.088135 4169.593750
   5            "k" 4539  17998.615234 10417.711914 12141.694336
   6            "l" 4883  15090.591797 14493.110352 13262.818359
   7            "m" 3570  7810.377930 10400.923828 8836.321289
   8            "n" 7524  14331.715820 12950.924805 20449.750000
   9            "p" 2966  7633.272949 9654.793945 9172.448242
  10            "r" 5454  12333.220703 12806.790039 13251.541992
  11            "s" 6148  16034.112305 24666.728516 29495.800781
  12            "t" 7847  19179.662109 14581.242188 12788.771484
  13            "v" 2074  4256.983398 4137.165527 4147.565430
  14            "w" 2218  6469.911621 6365.920410 6639.058105
  15            "y" 1229  3262.969482 2756.294434 3315.392090
  16            "z" 4203  14273.567383 18094.396484 11980.326172
  17           "aa" 2210  5485.259766 7222.603027 12655.580078
  18           "ae" 2959  6091.796387 9194.154297 15622.890625
  19           "ah" 4464  6548.124512 7071.161621 11022.664062
  20           "ao" 1893  4535.029297 6645.883301 9922.164062
  21           "aw"  771  2423.847656 3843.298340 5592.054688
  22           "ax" 4616  7339.876465 6004.342285 5404.763672
  23           "ay" 2058  6168.890137 9488.292969 13466.446289
  24           "ch"  805  3419.881592 3672.413818 2844.544922
  25           "dh" 2551  5886.516113 3726.307861 3468.259521
  26           "eh" 3005  4971.120605 6686.521973 10137.936523
  27           "el"  635  1389.866211 2110.281006 3391.490479
  28           "em"   34  164.289124 190.813522 167.061295
  29           "en"  161  764.613953 425.487366 319.842224
  30           "er" 2601  6140.695312 7856.525879 12466.792969
  31           "ey" 2137  5170.694336 7682.681152 11824.179688
  32           "hh" 1741  4371.338379 4011.092041 3394.938965
  33           "ih" 6902  9604.564453 10814.532227 15586.497070
  34           "ix" 2102  2926.862793 3507.531494 2984.633545
  35           "iy" 5052  20568.408203 15103.402344 12276.377930
  36           "jh" 1048  4321.977539 3868.448975 3012.571533
  37           "ng" 1250  3731.888184 2951.813232 5114.243164
  38           "ow" 1715  4141.172852 6805.585938 8702.127930
  39           "oy"  306  1106.446533 1577.807861 2255.440918
  40           "sh" 1243  3850.593262 4941.986816 7067.868652
  41           "sp" 26436  57400.851562 57268.023438 36072.945312
  42           "th"  783  2070.139404 2925.979492 2208.619873
  43           "uh"  675  855.474426 1114.336548 1551.679688
  44           "uw" 2178  7291.342773 4337.563477 5688.096191
  45           "zh"   84  420.393036 355.328613 217.159378
  46          "axr" 1001  3547.525391 2411.751709 2570.209229
  47          "sil" 7392  57400.851562 57268.023438 36072.945312
