   1            "b" 2489  4464.527344 5307.362305 6152.558594
   2            "d" 5021  11633.791016 6366.509766 7901.325195
   3            "f" 2207  6712.839844 10376.472656 5249.464844
   4            "g" 1465  3299.763184 3006.803467 4207.083984
   5            "k" 4539  18174.007812 9890.944336 12363.755859
   6            "l" 4883  13626.934570 17003.292969 12292.121094
   7            "m" 3570  6757.312988 10595.419922 8290.472656
   8            "n" 7524  14518.088867 11839.799805 20669.994141
   9            "p" 2966  7586.225098 10237.375977 9026.818359
  10            "r" 5454  11588.401367 12183.113281 13005.243164
  11            "s" 6148  14427.532227 18172.751953 38477.390625
  12            "t" 7847  19313.005859 15567.804688 12469.469727
  13            "v" 2074  4567.734375 3768.649658 3894.539062
  14            "w" 2218  6621.501953 6654.164551 6124.415527
  15            "y" 1229  3300.284668 2443.757080 3419.089111
  16            "z" 4203  14845.559570 18561.527344 10898.824219
  17           "aa" 2210  4811.145996 6706.152344 14100.389648
  18           "ae" 2959  5231.125488 7949.677734 17771.533203
  19           "ah" 4464  5866.112305 7341.086914 12348.208984
  20           "ao" 1893  3879.754639 5235.562012 11770.286133
  21           "aw"  771  1988.936523 3220.716064 6778.114746
  22           "ax" 4616  7498.800781 6069.685059 5313.647461
  23           "ay" 2058  5098.027344 7833.203125 16709.027344
  24           "ch"  805  3147.053955 4089.027100 2637.267822
  25           "dh" 2551  5142.371094 2898.283447 3281.840820
  26           "eh" 3005  4461.264160 6110.361328 11906.900391
  27           "el"  635  1087.218506 1849.018433 3830.357422
  28           "em"   34  155.344376 195.569839 161.958359
  29           "en"  161  861.356262 314.862518 267.350098
  30           "er" 2601  4947.242676 7412.671875 14063.176758
  31           "ey" 2137  4687.221680 7042.500977 13657.395508
  32           "hh" 1741  4203.242676 4055.225830 3431.054688
  33           "ih" 6902  8650.870117 10379.812500 16953.179688
  34           "ix" 2102  2970.568848 3761.572266 2831.594971
  35           "iy" 5052  25400.810547 12944.283203 10917.357422
  36           "jh" 1048  3955.281738 4204.500488 2634.262451
  37           "ng" 1250  3142.338867 3003.338135 5365.708984
  38           "ow" 1715  3631.932861 5578.624023 10508.134766
  39           "oy"  306  949.061584 1715.952026 2194.536865
  40           "sh" 1243  3402.723145 3996.659424 8556.314453
  41           "sp" 26436  59974.960938 56633.031250 35682.128906
  42           "th"  783  2219.795898 2903.457275 2056.793457
  43           "uh"  675  780.631470 1109.864014 1458.544189
  44           "uw" 2178  8505.198242 4184.566895 4885.925293
  45           "zh"   84  399.829010 365.670471 188.042297
  46          "axr" 1001  3948.772949 2345.689453 2175.096924
  47          "sil" 7392  59974.960938 56633.031250 35682.128906
