   1            "b" 2181  4796.401367 4417.861816 6243.574707
   2            "d" 4296  11496.528320 5681.084473 5982.480957
   3            "f" 2215  12890.749023 6212.956055 3801.318115
   4            "g" 1191  1888.458984 2692.743896 4533.831543
   5            "k" 3794  16988.916016 8679.162109 10518.458008
   6            "l" 4425  13532.074219 17465.218750 10632.573242
   7            "m" 3442  7279.000000 10334.673828 8507.225586
   8            "n" 6896  14360.917969 13775.711914 20471.662109
   9            "p" 2588  12727.019531 7570.276367 4782.938965
  10            "r" 4681  8818.326172 8388.656250 14280.221680
  11            "s" 6176  13939.322266 17347.896484 46051.328125
  12            "t" 3948  16597.900391 6753.381836 11223.598633
  13            "v" 1994  5162.578613 3624.734131 3291.218506
  14            "w" 2216  7364.596680 7314.830078 5549.837402
  15            "y"  995  2494.288086 3025.757324 3448.753662
  16            "z" 3682  17233.056641 13121.964844 8171.739258
  17           "aa" 2256  4201.682617 7255.042969 17082.863281
  18           "ae" 2292  3708.072998 6292.565918 18180.904297
  19           "ah" 2266  3469.103271 5030.044922 9911.269531
  20           "ao" 1865  3634.023193 5772.141113 13388.701172
  21           "aw"  728  1321.300293 2769.485596 7573.378418
  22           "ax" 3892  6071.265137 5272.639160 5331.566895
  23           "ay" 1934  3923.759766 8490.535156 17292.568359
  24           "ch"  820  3782.702637 4119.063965 2424.245605
  25           "dh" 2376  7484.087891 2963.250977 3293.348145
  26           "eh" 3277  4916.895996 6591.572754 15235.539062
  27           "el"  951  1590.551147 2858.384033 5665.483887
  28           "em"  124  352.343445 487.380890 301.329010
  29           "en"  630  3017.918457 1898.350342 1210.253784
  30           "er" 1693  3531.653564 4953.160156 12084.542969
  31           "ey" 2271  4239.168945 6614.873047 16229.369141
  32           "hh" 1660  4282.705078 4259.627441 3744.823242
  33           "ih" 4248  5904.201660 8001.178223 13886.336914
  34           "ix" 7370  11226.844727 11179.239258 11365.751953
  35           "iy" 4626  25306.812500 10967.155273 9712.343750
  36           "jh" 1013  4938.648926 3382.184814 2662.272217
  37           "ng" 1220  2479.665527 2710.977051 5263.896484
  38           "ow" 1653  3071.194580 5913.879395 11674.934570
  39           "oy"  304  560.878845 955.712585 3580.261230
  40           "sh" 1317  3397.564453 4469.248047 9997.528320
  41           "th"  745  3875.532959 2234.705811 1413.209595
  42           "uh"  500  656.460815 1026.264038 1700.707886
  43           "uw" 1952  8412.330078 3870.495117 4889.271484
  44           "zh"  149  912.198242 411.075653 315.635010
  45          "axr" 2445  9843.006836 5053.338867 4215.453613
  46          "sil" 8283  58828.851562 62194.980469 26726.244141
