   1            "b" 2489  4661.870605 5184.428223 6276.236816
   2            "d" 5021  11242.336914 6604.603516 8006.771973
   3            "f" 2207  6710.194336 10137.094727 5332.450195
   4            "g" 1465  3288.075195 3216.433838 4144.441895
   5            "k" 4539  18070.929688 9992.477539 12090.486328
   6            "l" 4883  14228.010742 16101.160156 12788.369141
   7            "m" 3570  7018.298340 10640.447266 8814.689453
   8            "n" 7524  14887.879883 12366.721680 20301.482422
   9            "p" 2966  7537.748535 9791.824219 9234.714844
  10            "r" 5454  12113.257812 12417.630859 13078.333984
  11            "s" 6148  14890.066406 21012.957031 35242.257812
  12            "t" 7847  18812.859375 14991.301758 12704.083008
  13            "v" 2074  4566.153320 3696.460693 3976.164062
  14            "w" 2218  6418.715820 6657.946777 6404.260254
  15            "y" 1229  3342.732422 2554.265137 3261.005615
  16            "z" 4203  14549.187500 18035.431641 11983.674805
  17           "aa" 2210  5142.774414 6668.142090 13632.347656
  18           "ae" 2959  5684.954102 8553.473633 16805.369141
  19           "ah" 4464  6141.317871 7240.519531 11690.331055
  20           "ao" 1893  4143.866211 5866.361328 10933.848633
  21           "aw"  771  2190.866943 3463.284912 6188.711914
  22           "ax" 4616  7546.197266 5985.908691 5415.265625
  23           "ay" 2058  5535.331055 8426.727539 15159.961914
  24           "ch"  805  3252.387695 3906.074219 2752.301514
  25           "dh" 2551  5190.381348 3250.182129 3381.973389
  26           "eh" 3005  4621.050293 6628.576660 10836.319336
  27           "el"  635  1210.940430 1979.133179 3506.211914
  28           "em"   34  161.028778 192.344849 163.290619
  29           "en"  161  779.741089 388.938965 289.730438
  30           "er" 2601  5472.852539 7869.707520 13171.866211
  31           "ey" 2137  4769.216309 7366.443848 12892.181641
  32           "hh" 1741  4150.537109 4094.402100 3473.315430
  33           "ih" 6902  8923.174805 10644.496094 16536.412109
  34           "ix" 2102  2895.994385 3691.106445 3018.881836
  35           "iy" 5052  23397.667969 13800.111328 11245.182617
  36           "jh" 1048  4163.680176 4006.994629 2867.698242
  37           "ng" 1250  3488.116211 3039.958984 5089.768555
  38           "ow" 1715  3914.496582 6363.418945 9460.812500
  39           "oy"  306  973.166748 1677.412842 2219.849854
  40           "sh" 1243  3546.104248 4711.110840 7653.005371
  41           "sp" 26436  59632.179688 55621.292969 36871.089844
  42           "th"  783  2136.885254 2895.114258 2133.703857
  43           "uh"  675  823.302551 1097.850708 1547.330933
  44           "uw" 2178  8006.314453 4360.463867 5197.205566
  45           "zh"   84  408.982086 360.917450 207.284439
  46          "axr" 1001  3608.842285 2563.139893 2390.646484
  47          "sil" 7392  59632.179688 55621.292969 36871.089844
