   1            "b" 2489  4737.487305 5288.642578 6223.168457
   2            "d" 5021  10842.226562 6981.541504 7974.408203
   3            "f" 2207  6776.394531 10072.821289 5353.894531
   4            "g" 1465  3279.155029 3344.223877 4150.046387
   5            "k" 4539  18284.179688 9908.080078 12110.079102
   6            "l" 4883  14459.706055 15663.300781 12907.956055
   7            "m" 3570  7277.434570 10465.962891 8966.137695
   8            "n" 7524  14581.155273 12404.925781 20548.847656
   9            "p" 2966  7634.041992 9738.041992 9250.989258
  10            "r" 5454  12152.413086 12486.153320 13136.877930
  11            "s" 6148  15290.526367 22364.421875 33441.570312
  12            "t" 7847  18783.144531 14946.329102 12522.712891
  13            "v" 2074  4465.112305 3816.031982 4055.606201
  14            "w" 2218  6380.494141 6534.214844 6523.890137
  15            "y" 1229  3348.223877 2603.510742 3225.186523
  16            "z" 4203  14501.362305 17896.216797 12198.513672
  17           "aa" 2210  5240.496094 6863.206543 13294.281250
  18           "ae" 2959  5925.135254 8725.915039 16468.916016
  19           "ah" 4464  6394.123535 7075.200684 11448.577148
  20           "ao" 1893  4276.667969 6306.660156 10530.760742
  21           "aw"  771  2289.378418 3588.114990 5981.449219
  22           "ax" 4616  7559.412598 5932.803223 5380.567383
  23           "ay" 2058  5744.529785 8690.269531 14757.031250
  24           "ch"  805  3316.368164 3788.903320 2785.994873
  25           "dh" 2551  5229.396973 3420.187500 3383.616699
  26           "eh" 3005  4774.450684 6713.982910 10466.208008
  27           "el"  635  1275.220947 2029.203247 3432.798096
  28           "em"   34  164.669449 191.534088 165.024765
  29           "en"  161  768.704468 410.234955 298.753143
  30           "er" 2601  5623.366699 7983.278809 12884.558594
  31           "ey" 2137  4953.568359 7322.341797 12654.833984
  32           "hh" 1741  4188.270996 4093.932373 3459.236328
  33           "ih" 6902  9203.827148 10749.818359 16019.465820
  34           "ix" 2102  2953.105225 3587.887939 3008.493896
  35           "iy" 5052  22324.419922 14622.504883 11580.455078
  36           "jh" 1048  4186.556152 3938.748779 2950.723145
  37           "ng" 1250  3637.476074 2960.163574 5115.104004
  38           "ow" 1715  3973.746094 6501.861816 9230.442383
  39           "oy"  306  1008.570129 1645.003662 2212.654053
  40           "sh" 1243  3626.902832 4832.456055 7422.751953
  41           "sp" 26436  58848.527344 55866.230469 36942.898438
  42           "th"  783  2119.871826 2912.604736 2144.598633
  43           "uh"  675  852.912415 1098.740601 1545.920044
  44           "uw" 2178  7837.697754 4287.742676 5366.439453
  45           "zh"   84  412.672607 355.157959 212.921310
  46          "axr" 1001  3547.794189 2472.038574 2469.337158
  47          "sil" 7392  58848.527344 55866.230469 36942.898438
