   1            "b" 2181  3883.509277 5477.068359 5984.639160
   2            "d" 4296  10021.814453 6159.000977 5505.035156
   3            "f" 2215  12753.234375 5556.145508 4113.624023
   4            "g" 1191  2132.462891 2701.486084 3868.258789
   5            "k" 3794  15857.433594 9309.291992 10915.463867
   6            "l" 4425  13368.228516 16069.123047 11705.961914
   7            "m" 3442  6653.568359 7725.700684 11873.790039
   8            "n" 6896  15272.564453 10748.621094 21064.248047
   9            "p" 2588  12216.721680 7247.222168 4719.286621
  10            "r" 4681  9499.612305 10739.821289 11725.663086
  11            "s" 6176  14196.328125 19756.666016 43082.019531
  12            "t" 3948  14055.324219 8806.895508 10511.160156
  13            "v" 1994  4806.469238 3639.279541 3369.471436
  14            "w" 2216  7055.459473 7187.595703 5893.037109
  15            "y"  995  2922.894775 2512.241455 3139.225342
  16            "z" 3682  13624.235352 15121.882812 8895.083984
  17           "aa" 2256  4437.477051 6697.499023 15727.181641
  18           "ae" 2292  3780.185059 7475.925293 16406.900391
  19           "ah" 2266  3668.064209 5019.678223 9440.465820
  20           "ao" 1865  3334.073975 5990.595215 12665.612305
  21           "aw"  728  1394.875610 3267.423584 7047.604980
  22           "ax" 3892  5911.579590 5332.552246 4807.104492
  23           "ay" 1934  3631.408203 7609.725098 17754.019531
  24           "ch"  820  3056.634521 4284.526855 2590.748779
  25           "dh" 2376  5672.800293 3099.679199 3076.010986
  26           "eh" 3277  4600.528320 7084.746094 14551.047852
  27           "el"  951  1721.396484 2771.672607 5444.114258
  28           "em"  124  355.542999 513.248535 279.808594
  29           "en"  630  3001.298096 1666.970947 1365.460205
  30           "er" 1693  3556.946045 5013.540039 11539.555664
  31           "ey" 2271  4563.740234 7348.270996 15526.374023
  32           "hh" 1660  4102.865234 4255.112305 3483.050537
  33           "ih" 4248  5969.783691 8237.125000 13303.974609
  34           "ix" 7370  10722.137695 12469.991211 9333.833984
  35           "iy" 4626  25758.583984 12460.225586 9160.968750
  36           "jh" 1013  4585.382324 3246.885254 2732.484375
  37           "ng" 1220  2767.988281 2805.080566 4914.074707
  38           "ow" 1653  2921.441895 6379.690430 10804.346680
  39           "oy"  304  612.691406 1289.234497 3134.080566
  40           "sh" 1317  3704.499023 4599.648438 9385.778320
  41           "sp" 26402  65652.023438 56134.054688 42648.281250
  42           "th"  745  2703.514160 2839.349365 1593.329834
  43           "uh"  500  691.129944 934.218994 1682.046143
  44           "uw" 1952  8581.431641 4018.798828 4834.892578
  45           "zh"  149  691.418640 571.787964 393.104767
  46          "axr" 2445  10089.560547 5457.765137 4560.413574
  47          "sil" 8283  65652.023438 56134.054688 42648.281250
