   1            "b" 2181  5730.807129 4547.775879 6218.545410
   2            "d" 4296  11079.827148 6510.171387 6046.686523
   3            "f" 2215  9832.603516 8913.916016 4817.135742
   4            "g" 1191  2529.381104 3027.331055 4537.468262
   5            "k" 3794  15880.551758 9264.827148 11414.932617
   6            "l" 4425  14719.171875 13983.921875 11786.295898
   7            "m" 3442  9582.049805 9732.458008 9676.257812
   8            "n" 6896  14037.221680 14691.843750 19543.050781
   9            "p" 2588  12761.018555 6614.939941 5923.031738
  10            "r" 4681  10549.042969 9931.366211 12616.163086
  11            "s" 6176  18232.898438 24603.847656 34691.984375
  12            "t" 3948  15572.109375 8244.879883 11184.543945
  13            "v" 1994  4591.257812 4262.450684 4113.741211
  14            "w" 2216  7689.374512 7180.958008 5628.272461
  15            "y"  995  2751.667480 2911.328369 2866.576416
  16            "z" 3682  15138.742188 13316.879883 9367.746094
  17           "aa" 2256  5801.515137 8494.896484 12480.734375
  18           "ae" 2292  5490.119141 8910.713867 13977.821289
  19           "ah" 2266  4310.575684 6037.406250 7293.464844
  20           "ao" 1865  5039.747559 7725.391602 10224.600586
  21           "aw"  728  2062.798096 4041.701416 5616.603027
  22           "ax" 3892  6064.163574 5202.982422 5079.440918
  23           "ay" 1934  6037.285645 10025.842773 12747.209961
  24           "ch"  820  3814.286133 3774.987305 2971.601074
  25           "dh" 2376  6921.197266 3895.328613 3776.813721
  26           "eh" 3277  6294.375977 7901.515137 11429.407227
  27           "el"  951  2159.294678 3275.838135 5170.083984
  28           "em"  124  395.019928 471.792267 357.704773
  29           "en"  630  2607.593994 2142.034912 1545.977051
  30           "er" 1693  4700.968262 6988.055176 8501.865234
  31           "ey" 2271  6026.746094 8518.606445 12345.299805
  32           "hh" 1660  4424.064453 4505.347656 3549.284912
  33           "ih" 4248  7374.967773 8212.574219 11298.933594
  34           "ix" 7370  11644.991211 10974.017578 10444.478516
  35           "iy" 4626  18942.414062 14094.955078 12516.331055
  36           "jh" 1013  4879.411621 3633.097656 3019.042236
  37           "ng" 1220  3154.779541 3234.685547 4684.898438
  38           "ow" 1653  4516.112305 6992.690918 8731.173828
  39           "oy"  304  742.493286 1236.249390 3138.777100
  40           "sh" 1317  3999.035400 5121.705566 8926.446289
  41           "th"  745  3186.781982 2675.289795 1739.034546
  42           "uh"  500  803.934387 1083.675781 1694.452515
  43           "uw" 1952  7405.711426 4469.600098 5674.725098
  44           "zh"  149  869.709900 493.934448 353.038300
  45          "axr" 2445  7941.511719 6369.517090 5934.191406
  46          "sil" 8283  57895.949219 58340.253906 26316.138672
