   1            "b" 2181  3117.734863 3140.645264 8218.523438
   2            "d" 4296  13223.617188 5787.004883 6870.035645
   3            "f" 2215  12847.012695 5343.998047 3133.389893
   4            "g" 1191  1853.631104 1970.265259 3824.970215
   5            "k" 3794  14884.863281 8354.266602 12223.447266
   6            "l" 4425  14709.336914 22849.191406 11516.046875
   7            "m" 3442  6743.645020 5950.667969 10839.434570
   8            "n" 6896  23826.740234 13913.199219 24028.003906
   9            "p" 2588  13643.667969 7311.232422 3638.063232
  10            "r" 4681  5967.661133 7402.056641 13916.919922
  11            "s" 6176  14348.316406 14054.613281 45611.714844
  12            "t" 3948  17326.458984 8753.335938 8518.830078
  13            "v" 1994  5107.423828 3474.934082 2466.829590
  14            "w" 2216  6007.770020 8948.675781 4603.425781
  15            "y"  995  2905.298096 2356.537842 4147.355469
  16            "z" 3682  13220.183594 16023.187500 7943.603027
  17           "aa" 2256  3599.831055 5060.307129 19475.185547
  18           "ae" 2292  3052.919678 3895.686279 19137.263672
  19           "ah" 2266  3227.504639 3661.589111 11160.185547
  20           "ao" 1865  3251.050537 4276.079102 14953.333008
  21           "aw"  728  1228.398682 1870.525635 7767.307129
  22           "ax" 3892  6014.263184 5944.870117 5339.379883
  23           "ay" 1934  3094.252441 5069.171387 19893.957031
  24           "ch"  820  3935.272461 4085.002930 2152.789795
  25           "dh" 2376  6567.019531 2769.872559 2588.583984
  26           "eh" 3277  4789.743164 5199.349609 17107.853516
  27           "el"  951  1328.131836 1912.681396 7051.983398
  28           "em"  124  348.705750 508.464508 268.014130
  29           "en"  630  3443.863525 1392.000366 1041.962280
  30           "er" 1693  2598.524170 3664.323730 14035.836914
  31           "ey" 2271  2959.493164 3231.300049 19349.357422
  32           "hh" 1660  4308.072266 4116.552734 2884.157227
  33           "ih" 4248  6067.100586 6161.443359 16676.666016
  34           "ix" 7370  10886.754883 11776.993164 11666.287109
  35           "iy" 4626  32894.492188 7162.063965 5402.333008
  36           "jh" 1013  4874.691406 3200.205811 2150.417969
  37           "ng" 1220  1929.538696 2714.015625 6225.013184
  38           "ow" 1653  2744.289062 3745.621338 12347.630859
  39           "oy"  304  552.967957 840.912048 3407.708252
  40           "sh" 1317  3276.843750 3052.723389 10509.427734
  41           "sp" 26402  59084.316406 54006.859375 43381.906250
  42           "th"  745  3343.879883 2493.967041 1051.918335
  43           "uh"  500  736.647095 877.196716 1913.880005
  44           "uw" 1952  9563.088867 2378.111084 3167.158203
  45           "zh"  149  727.624084 502.062958 277.508575
  46          "axr" 2445  12911.519531 3778.897949 2806.458984
  47          "sil" 8283  59084.316406 54006.859375 43381.906250
