   1            "b" 2181  4985.252930 5647.939941 5871.649414
   2            "d" 4296  10054.159180 7283.016113 6235.820312
   3            "f" 2215  9161.019531 9102.874023 5044.715332
   4            "g" 1191  2703.135254 2921.160645 4085.485352
   5            "k" 3794  15452.188477 9544.509766 11425.488281
   6            "l" 4425  14626.969727 12969.983398 12710.460938
   7            "m" 3442  8048.317383 8582.102539 11719.113281
   8            "n" 6896  14317.042969 12430.886719 19841.369141
   9            "p" 2588  11540.885742 7134.394043 6098.279297
  10            "r" 4681  10651.785156 10751.142578 11990.851562
  11            "s" 6176  18973.511719 26498.031250 31331.820312
  12            "t" 3948  14894.240234 8963.759766 11107.665039
  13            "v" 1994  4717.846191 4154.892090 4092.448730
  14            "w" 2216  7231.701172 6553.985352 6347.885254
  15            "y"  995  3050.814209 2672.003418 2820.388184
  16            "z" 3682  12852.996094 13960.796875 10579.030273
  17           "aa" 2256  5750.831055 7957.298340 12397.204102
  18           "ae" 2292  5650.774414 8611.555664 13389.419922
  19           "ah" 2266  4176.663574 5420.831055 7315.709961
  20           "ao" 1865  5163.442383 6926.904297 10072.951172
  21           "aw"  728  2225.819336 3997.544678 5321.394531
  22           "ax" 3892  5546.479004 5372.285645 4949.619629
  23           "ay" 1934  5963.270996 9752.803711 12783.440430
  24           "ch"  820  3362.945801 4044.757568 3057.695068
  25           "dh" 2376  5982.032715 4258.897461 3887.321777
  26           "eh" 3277  5829.341309 8025.489258 11090.654297
  27           "el"  951  2374.846924 3399.085449 4788.872559
  28           "em"  124  375.665833 491.893585 298.856018
  29           "en"  630  2449.435547 2055.100830 1676.599487
  30           "er" 1693  4891.392578 6564.994141 8479.514648
  31           "ey" 2271  6224.857422 9531.466797 10791.176758
  32           "hh" 1660  4326.255859 4596.544922 3647.288574
  33           "ih" 4248  7328.376953 8376.321289 10943.300781
  34           "ix" 7370  11335.894531 10087.405273 10810.786133
  35           "iy" 4626  17330.187500 15163.470703 12298.107422
  36           "jh" 1013  4606.780273 3556.127930 3103.878418
  37           "ng" 1220  3406.218994 3044.501465 4543.999512
  38           "ow" 1653  4530.861328 7109.391602 8196.799805
  39           "oy"  304  884.079468 1410.245972 2782.803223
  40           "sh" 1317  4357.219727 5627.635742 7947.535645
  41           "sp" 26402  57844.367188 57939.464844 40798.320312
  42           "th"  745  2679.326416 2833.036377 2075.892578
  43           "uh"  500  921.873413 1001.788879 1618.558105
  44           "uw" 1952  7030.137207 4789.881836 5486.017090
  45           "zh"  149  714.892151 627.874573 378.312958
  46          "axr" 2445  7756.069824 6128.429688 6331.215820
  47          "sil" 8283  57844.367188 57939.464844 40798.320312
