   1            "b" 2181  5712.259277 4593.595703 6229.961914
   2            "d" 4296  11046.925781 6565.044434 6070.285645
   3            "f" 2215  9734.728516 8979.666016 4868.063965
   4            "g" 1191  2534.296875 3033.545410 4524.862305
   5            "k" 3794  15886.564453 9271.329102 11424.187500
   6            "l" 4425  14742.379883 13887.842773 11841.227539
   7            "m" 3442  9602.291016 9766.866211 9701.171875
   8            "n" 6896  14023.824219 14720.305664 19507.726562
   9            "p" 2588  12752.884766 6619.514648 5951.002930
  10            "r" 4681  10569.535156 9998.294922 12593.773438
  11            "s" 6176  18240.281250 24677.726562 34542.671875
  12            "t" 3948  15575.029297 8266.305664 11196.436523
  13            "v" 1994  4586.559570 4292.450684 4139.992676
  14            "w" 2216  7686.202637 7182.924316 5620.131348
  15            "y"  995  2751.710693 2908.910889 2869.973877
  16            "z" 3682  15120.692383 13239.702148 9428.171875
  17           "aa" 2256  5829.577637 8563.288086 12356.885742
  18           "ae" 2292  5549.075195 8908.236328 13904.899414
  19           "ah" 2266  4324.802734 6052.282227 7243.690918
  20           "ao" 1865  5069.916016 7751.820801 10166.303711
  21           "aw"  728  2083.016846 4045.454102 5595.177734
  22           "ax" 3892  6078.018555 5192.087402 5090.889160
  23           "ay" 1934  6069.556641 10010.832031 12698.454102
  24           "ch"  820  3820.898682 3773.080322 2991.884521
  25           "dh" 2376  6908.906738 3897.022949 3791.897705
  26           "eh" 3277  6322.709961 7904.311035 11383.538086
  27           "el"  951  2186.222412 3272.386475 5156.544922
  28           "em"  124  396.286285 472.834625 358.025299
  29           "en"  630  2607.786133 2148.708008 1551.072144
  30           "er" 1693  4748.471191 6985.196289 8485.549805
  31           "ey" 2271  6102.508301 8526.592773 12290.567383
  32           "hh" 1660  4463.018555 4487.132812 3562.575684
  33           "ih" 4248  7394.523438 8188.565918 11309.976562
  34           "ix" 7370  11616.955078 10933.854492 10485.971680
  35           "iy" 4626  18822.748047 14101.916992 12559.567383
  36           "jh" 1013  4885.509766 3636.282471 3041.715332
  37           "ng" 1220  3164.049805 3223.344971 4686.709961
  38           "ow" 1653  4564.438965 6976.201660 8680.492188
  39           "oy"  304  746.509399 1241.289551 3130.348389
  40           "sh" 1317  4022.681641 5142.695312 8890.654297
  41           "th"  745  3178.328613 2669.749512 1758.488770
  42           "uh"  500  807.769775 1086.331177 1684.927368
  43           "uw" 1952  7372.165527 4460.377930 5691.082031
  44           "zh"  149  869.499268 494.780426 356.246796
  45          "axr" 2445  7926.392090 6368.465332 5960.994629
  46          "sil" 8283  57762.621094 58189.496094 26395.935547
