   1            "b" 2181  4749.209473 5623.021484 5907.759277
   2            "d" 4296  10270.046875 7175.993652 5999.865723
   3            "f" 2215  9936.954102 8418.571289 4789.538574
   4            "g" 1191  2626.202148 2855.560791 4119.860352
   5            "k" 3794  15347.500977 9607.827148 11302.880859
   6            "l" 4425  14541.651367 13347.147461 12276.395508
   7            "m" 3442  7750.434082 8215.612305 11980.344727
   8            "n" 6896  14258.568359 12287.581055 20294.500000
   9            "p" 2588  11727.879883 6884.389160 6012.560547
  10            "r" 4681  10153.793945 11076.875000 11933.836914
  11            "s" 6176  18599.283203 26129.117188 32488.783203
  12            "t" 3948  14687.525391 9180.716797 10833.250000
  13            "v" 1994  4723.084473 4068.817139 3986.136963
  14            "w" 2216  7136.677246 6519.140137 6190.745605
  15            "y"  995  3045.180908 2707.701660 2793.465332
  16            "z" 3682  12976.538086 14315.113281 10341.875977
  17           "aa" 2256  5680.929688 7778.560547 12736.259766
  18           "ae" 2292  5309.390137 8699.127930 13850.436523
  19           "ah" 2266  4104.660645 5398.761719 7482.846680
  20           "ao" 1865  4979.623535 6911.593750 10436.300781
  21           "aw"  728  2056.351807 4003.256348 5534.271484
  22           "ax" 3892  5499.527832 5339.661621 4987.010742
  23           "ay" 1934  5654.734863 9512.723633 13434.422852
  24           "ch"  820  3317.862793 4132.364258 3008.753662
  25           "dh" 2376  5957.518066 4182.422363 3796.197510
  26           "eh" 3277  5607.285645 7910.038574 11545.804688
  27           "el"  951  2291.012939 3210.964844 5006.921387
  28           "em"  124  362.877838 494.890930 295.121582
  29           "en"  630  2533.837646 2014.196655 1662.869385
  30           "er" 1693  4670.859375 6381.249023 8821.453125
  31           "ey" 2271  5968.029785 9230.509766 11399.408203
  32           "hh" 1660  4276.127441 4595.075195 3505.394043
  33           "ih" 4248  7070.730957 8287.492188 11204.595703
  34           "ix" 7370  11307.826172 10538.811523 10407.643555
  35           "iy" 4626  18684.990234 14450.996094 11836.052734
  36           "jh" 1013  4521.102539 3613.432617 3050.382568
  37           "ng" 1220  3400.298828 2918.634521 4656.879395
  38           "ow" 1653  4483.251953 6822.515625 8560.024414
  39           "oy"  304  838.687012 1398.093018 2830.474121
  40           "sh" 1317  4331.598633 5269.989258 8293.903320
  41           "sp" 26402  59334.226562 58073.972656 40733.011719
  42           "th"  745  2700.100830 2767.108887 1983.340698
  43           "uh"  500  888.740479 958.700745 1616.873901
  44           "uw" 1952  7088.480469 4733.318848 5413.152344
  45           "zh"  149  708.472656 639.705200 379.867920
  46          "axr" 2445  8146.637695 5829.235352 6189.719238
  47          "sil" 8283  59334.226562 58073.972656 40733.011719
