   1            "b" 2181  5382.629883 4495.497070 6123.974609
   2            "d" 4296  11178.293945 6204.614258 5780.409180
   3            "f" 2215  11103.325195 7505.054199 4205.173340
   4            "g" 1191  2144.594971 3016.690674 4369.829590
   5            "k" 3794  16373.600586 9063.423828 10961.261719
   6            "l" 4425  13936.535156 15127.125977 12247.195312
   7            "m" 3442  9114.087891 9904.000000 9031.916016
   8            "n" 6896  13895.694336 13911.008789 20576.654297
   9            "p" 2588  12713.547852 6800.221680 5520.430664
  10            "r" 4681  9974.558594 9643.315430 13218.053711
  11            "s" 6176  16593.746094 21541.917969 39156.843750
  12            "t" 3948  15642.195312 7953.445801 11041.774414
  13            "v" 1994  4934.479004 3769.983887 3725.125732
  14            "w" 2216  7701.725586 7204.685547 5660.950195
  15            "y"  995  2644.516113 2982.201904 2783.205811
  16            "z" 3682  16253.721680 13262.715820 8743.365234
  17           "aa" 2256  5216.371582 8222.177734 13967.689453
  18           "ae" 2292  4709.401855 7981.838867 15526.435547
  19           "ah" 2266  4095.248779 5469.610840 8425.323242
  20           "ao" 1865  4421.210938 7415.428711 11137.730469
  21           "aw"  728  1713.450562 3696.666992 6368.962402
  22           "ax" 3892  6013.676758 5315.870605 5147.384277
  23           "ay" 1934  5084.623535 9960.182617 14170.201172
  24           "ch"  820  3806.036377 3921.115234 2723.830078
  25           "dh" 2376  7013.835449 3626.013672 3543.183838
  26           "eh" 3277  5800.393555 7474.858887 12490.373047
  27           "el"  951  1923.736572 3162.969971 5359.610840
  28           "em"  124  378.905914 489.506348 330.102722
  29           "en"  630  2733.170654 2003.922852 1428.079834
  30           "er" 1693  4326.653809 6264.048340 9713.079102
  31           "ey" 2271  5174.204102 7942.162109 13645.742188
  32           "hh" 1660  4285.850586 4394.057617 3472.284912
  33           "ih" 4248  7003.522461 8518.576172 11606.538086
  34           "ix" 7370  11564.785156 11418.968750 10369.138672
  35           "iy" 4626  20441.044922 13398.958984 12248.062500
  36           "jh" 1013  4938.342285 3487.135986 2857.959961
  37           "ng" 1220  3118.856934 3106.319336 4836.302246
  38           "ow" 1653  3859.230957 7011.730469 9736.073242
  39           "oy"  304  642.085693 1182.249268 3279.444580
  40           "sh" 1317  3800.823975 4731.108398 9438.492188
  41           "th"  745  3488.963135 2488.348389 1567.196045
  42           "uh"  500  724.880676 1074.230103 1644.953003
  43           "uw" 1952  7567.066895 4622.989746 5431.367676
  44           "zh"  149  875.044678 477.537354 342.437378
  45          "axr" 2445  8664.145508 6030.368164 5372.855469
  46          "sil" 8283  58090.031250 61407.007812 25677.343750
