   1            "b" 2181  5612.027832 4543.541992 6089.981445
   2            "d" 4296  11145.880859 6310.265137 5869.625000
   3            "f" 2215  10338.180664 8278.896484 4569.900879
   4            "g" 1191  2365.531250 3043.183838 4471.781250
   5            "k" 3794  16106.242188 9174.624023 11238.730469
   6            "l" 4425  14543.403320 14387.274414 11807.904297
   7            "m" 3442  9219.354492 9881.847656 9269.662109
   8            "n" 6896  13993.393555 14272.705078 19931.205078
   9            "p" 2588  12778.485352 6730.243652 5741.393066
  10            "r" 4681  10336.833008 9824.338867 12959.243164
  11            "s" 6176  17519.822266 23612.169922 36456.429688
  12            "t" 3948  15432.312500 8025.422852 11182.168945
  13            "v" 1994  4718.773926 4011.210938 3949.649902
  14            "w" 2216  7558.763672 7282.162109 5617.063965
  15            "y"  995  2689.171143 2943.185059 2788.520752
  16            "z" 3682  15622.394531 13402.391602 9021.249023
  17           "aa" 2256  5529.849609 8266.280273 13357.623047
  18           "ae" 2292  4919.505371 8687.316406 14701.277344
  19           "ah" 2266  4203.941406 5766.030762 7824.670410
  20           "ao" 1865  4681.200195 7452.384277 10903.683594
  21           "aw"  728  1896.047485 3964.649414 5947.981934
  22           "ax" 3892  6094.300781 5265.716309 5043.655273
  23           "ay" 1934  5421.884277 10169.841797 13484.481445
  24           "ch"  820  3791.396973 3861.005127 2824.125732
  25           "dh" 2376  6926.125488 3779.769531 3689.075684
  26           "eh" 3277  6069.083984 7622.221680 11949.376953
  27           "el"  951  1992.059570 3272.681641 5224.977539
  28           "em"  124  382.396210 483.520782 346.885345
  29           "en"  630  2668.327881 2071.314209 1497.008789
  30           "er" 1693  4488.796875 6768.274902 8953.909180
  31           "ey" 2271  5543.837402 8032.380859 13109.676758
  32           "hh" 1660  4245.598145 4580.096191 3474.111084
  33           "ih" 4248  7211.343262 8639.587891 11278.078125
  34           "ix" 7370  11774.162109 11083.411133 10347.038086
  35           "iy" 4626  19560.140625 13993.021484 12405.328125
  36           "jh" 1013  4834.216309 3539.709717 2914.711426
  37           "ng" 1220  3198.951172 3177.384521 4701.228516
  38           "ow" 1653  4126.580078 7258.143066 9144.111328
  39           "oy"  304  710.088806 1204.263916 3200.794189
  40           "sh" 1317  3891.532227 4912.762207 9129.237305
  41           "th"  745  3313.902588 2599.183838 1638.955444
  42           "uh"  500  771.223755 1056.479126 1702.391968
  43           "uw" 1952  7518.819824 4537.597656 5591.815430
  44           "zh"  149  859.248657 491.801025 342.958069
  45          "axr" 2445  8365.165039 6137.811035 5678.469727
  46          "sil" 8283  57987.628906 59478.460938 26539.095703
