   1            "b" 2181  2435.575684 5275.773926 5172.976074
   2            "d" 4296  6756.754395 8760.311523 13940.744141
   3            "f" 2215  10738.841797 4346.553711 4642.993164
   4            "g" 1191  1716.084106 2636.722412 2365.759766
   5            "k" 3794  8376.221680 8070.696777 7893.481934
   6            "l" 4425  19373.373047 39943.570312 16643.597656
   7            "m" 3442  5785.884277 4984.224121 16897.835938
   8            "n" 6896  24207.162109 8614.214844 25862.611328
   9            "p" 2588  10171.768555 6986.291016 7977.860352
  10            "r" 4681  7757.471680 7932.786621 13708.298828
  11            "s" 6176  11079.728516 11745.827148 38805.183594
  12            "t" 3948  8033.422852 8166.334961 9676.755859
  13            "v" 1994  4149.826172 3366.326660 6272.886230
  14            "w" 2216  9672.322266 14701.733398 4700.535156
  15            "y"  995  3275.911621 1477.843628 7859.870605
  16            "z" 3682  13663.728516 11821.526367 9013.173828
  17           "aa" 2256  3747.880127 4815.388184 19296.599609
  18           "ae" 2292  3771.214355 4319.456543 7892.197754
  19           "ah" 2266  3648.947266 4035.787598 11976.617188
  20           "ao" 1865  2448.172363 3296.572998 15024.693359
  21           "aw"  728  1021.039307 1499.558472 7430.785645
  22           "ax" 3892  10049.317383 9384.009766 10481.445312
  23           "ay" 1934  3363.607910 3847.058838 14433.516602
  24           "ch"  820  3155.331787 3796.703613 2026.947510
  25           "dh" 2376  11283.641602 11165.430664 4258.551270
  26           "eh" 3277  5657.598145 6323.838867 13698.459961
  27           "el"  951  1287.253296 2207.660889 7799.677246
  28           "em"  124  258.634949 176.274017 370.976532
  29           "en"  630  2604.976807 817.437012 1014.655701
  30           "er" 1693  2461.621338 3208.891113 14637.006836
  31           "ey" 2271  4257.421875 3753.094971 4825.121094
  32           "hh" 1660  4759.961914 10811.066406 3812.891602
  33           "ih" 4248  8180.078613 7884.468262 19904.990234
  34           "ix" 7370  17528.322266 31651.462891 23290.023438
  35           "iy" 4626  9469.819336 6800.120117 8106.340332
  36           "jh" 1013  4124.136230 4058.001953 2424.697998
  37           "ng" 1220  2082.053223 1720.518799 8075.655273
  38           "ow" 1653  2247.830322 2938.508545 12307.109375
  39           "oy"  304  393.668549 672.499817 3107.230957
  40           "sh" 1317  2247.452148 2162.988525 9588.161133
  41           "th"  745  3559.681641 1778.572021 2586.732910
  42           "uh"  500  1539.649170 1608.084961 2232.034180
  43           "uw" 1952  4153.473633 3318.026367 3839.394287
  44           "zh"  149  630.362732 323.680756 604.861877
  45          "axr" 2445  5069.918457 3612.415771 4252.209961
  46          "sil" 8283  48729.156250 55551.304688 26695.630859
