   1            "b" 2181  5172.562012 4492.602051 5953.656738
   2            "d" 4296  11033.427734 6146.150879 5827.520508
   3            "f" 2215  12103.409180 6658.372070 3980.358643
   4            "g" 1191  2019.802490 2944.578613 4257.064941
   5            "k" 3794  16442.699219 8987.359375 10844.444336
   6            "l" 4425  13682.922852 15342.768555 12412.817383
   7            "m" 3442  8848.936523 9799.625000 8866.090820
   8            "n" 6896  14072.454102 13503.536133 21324.949219
   9            "p" 2588  12451.762695 7035.349121 5314.223633
  10            "r" 4681  9430.959961 9167.372070 13506.142578
  11            "s" 6176  15777.167969 19003.898438 42482.691406
  12            "t" 3948  16134.127930 7435.369629 11076.952148
  13            "v" 1994  5035.197266 3692.653564 3513.919678
  14            "w" 2216  7787.834961 7221.810547 5502.298340
  15            "y"  995  2620.307617 2968.120605 3057.977295
  16            "z" 3682  16781.646484 13228.886719 8482.202148
  17           "aa" 2256  4933.396484 7910.606934 15160.714844
  18           "ae" 2292  4252.453125 7395.590332 16449.865234
  19           "ah" 2266  3922.947266 5207.692383 9012.480469
  20           "ao" 1865  4074.618408 7032.481934 12024.727539
  21           "aw"  728  1561.065674 3453.171143 6743.916016
  22           "ax" 3892  5886.537109 5212.620605 5355.868652
  23           "ay" 1934  4593.339355 9749.144531 15088.278320
  24           "ch"  820  3822.202637 4001.830078 2615.285889
  25           "dh" 2376  7286.028809 3391.197754 3460.718994
  26           "eh" 3277  5622.283691 7362.298340 13196.226562
  27           "el"  951  1849.604370 3156.466064 5299.422363
  28           "em"  124  368.843689 486.458649 319.882172
  29           "en"  630  2825.567871 1972.539917 1348.123047
  30           "er" 1693  4022.978027 5853.346680 10422.060547
  31           "ey" 2271  5030.372070 7549.512207 14439.521484
  32           "hh" 1660  4147.434082 4395.100586 3470.722412
  33           "ih" 4248  6796.417480 8279.469727 12178.464844
  34           "ix" 7370  11504.114258 11377.698242 10658.071289
  35           "iy" 4626  20743.363281 13812.138672 11614.062500
  36           "jh" 1013  4999.574707 3377.914795 2814.006836
  37           "ng" 1220  2953.537109 3044.603027 4782.890625
  38           "ow" 1653  3596.836670 6475.662598 10503.686523
  39           "oy"  304  633.917053 1096.209106 3337.345459
  40           "sh" 1317  3740.039307 4683.786133 9558.778320
  41           "th"  745  3654.219238 2344.576660 1522.280884
  42           "uh"  500  708.866882 1065.517944 1659.284790
  43           "uw" 1952  7684.880371 4492.782227 5267.805664
  44           "zh"  149  908.289795 466.044098 329.327148
  45          "axr" 2445  9005.985352 5743.547363 5111.391113
  46          "sil" 8283  57685.917969 61977.906250 26396.947266
