   1            "b" 2489  4980.089355 5363.242188 6073.487793
   2            "d" 5021  10189.567383 8036.610352 7985.329590
   3            "f" 2207  7198.053223 9896.548828 5433.962891
   4            "g" 1465  3585.337402 3520.213867 4417.667969
   5            "k" 4539  17602.449219 10732.640625 12180.428711
   6            "l" 4883  15577.666016 13958.874023 13368.308594
   7            "m" 3570  8409.065430 10144.798828 9152.984375
   8            "n" 7524  14127.648438 13244.401367 20952.541016
   9            "p" 2966  7800.345215 9445.256836 9242.558594
  10            "r" 5454  12281.557617 12688.065430 13079.226562
  11            "s" 6148  17320.964844 26070.279297 26475.839844
  12            "t" 7847  18234.199219 14061.858398 14094.080078
  13            "v" 2074  4151.584473 4311.077148 4403.222656
  14            "w" 2218  6681.925293 6366.871582 6675.707520
  15            "y" 1229  3322.990479 2867.458740 3368.837646
  16            "z" 4203  13815.936523 17234.396484 12708.404297
  17           "aa" 2210  5485.750000 7499.279297 12120.031250
  18           "ae" 2959  6799.420898 9704.997070 14187.716797
  19           "ah" 4464  6692.191406 7360.029297 10401.130859
  20           "ao" 1893  4971.761230 6463.504883 9859.424805
  21           "aw"  771  2580.430664 4176.772949 5031.177246
  22           "ax" 4616  7266.833984 5959.153320 5519.681152
  23           "ay" 2058  6691.660645 9982.998047 12691.265625
  24           "ch"  805  3439.363281 3640.687744 2925.388916
  25           "dh" 2551  5991.960449 3897.326660 3689.559082
  26           "eh" 3005  5126.266602 6803.858398 9777.933594
  27           "el"  635  1509.654663 2237.789062 3396.187012
  28           "em"   34  166.741989 188.732178 168.876038
  29           "en"  161  746.968811 442.913788 335.565765
  30           "er" 2601  6964.380859 7647.826660 11652.017578
  31           "ey" 2137  5530.663086 8344.459961 10627.257812
  32           "hh" 1741  4516.708496 4050.213623 3450.470459
  33           "ih" 6902  10491.203125 10680.513672 14687.710938
  34           "ix" 2102  2915.359375 3490.329346 2940.281738
  35           "iy" 5052  19906.203125 14597.537109 12829.784180
  36           "jh" 1048  4269.147461 3777.741943 3244.238037
  37           "ng" 1250  3639.899170 3149.757812 5065.674805
  38           "ow" 1715  4414.105469 7045.622070 8244.118164
  39           "oy"  306  1229.575317 1565.329712 2212.222656
  40           "sh" 1243  4019.107666 4979.779785 6894.137695
  41           "sp" 26436  55554.371094 58244.984375 35494.367188
  42           "th"  783  2091.470703 2812.665771 2332.210205
  43           "uh"  675  896.817810 1050.503052 1641.790283
  44           "uw" 2178  7212.480469 4390.546875 5587.654785
  45           "zh"   84  444.918365 359.458069 239.895844
  46          "axr" 1001  3357.388916 2655.297119 2517.117432
  47          "sil" 7392  55554.371094 58244.984375 35494.367188
