   1            "b" 2489  4563.629883 5201.896484 6305.012207
   2            "d" 5021  11490.489258 6376.885742 8068.705566
   3            "f" 2207  6758.443848 10163.098633 5329.174805
   4            "g" 1465  3341.820557 3063.433594 4161.460938
   5            "k" 4539  18083.960938 10062.050781 12120.786133
   6            "l" 4883  14058.182617 16432.437500 12585.085938
   7            "m" 3570  6887.012207 10674.436523 8550.101562
   8            "n" 7524  14897.400391 12115.992188 20529.730469
   9            "p" 2966  7520.767090 9975.656250 9168.900391
  10            "r" 5454  12015.028320 12362.337891 12894.618164
  11            "s" 6148  14837.972656 19470.304688 36892.449219
  12            "t" 7847  19005.091797 15172.329102 12688.190430
  13            "v" 2074  4579.280762 3709.059082 3930.902832
  14            "w" 2218  6533.783691 6671.766113 6277.027832
  15            "y" 1229  3332.618896 2522.520508 3291.651855
  16            "z" 4203  14873.150391 18125.603516 11607.063477
  17           "aa" 2210  5037.805176 6615.438477 13860.571289
  18           "ae" 2959  5403.603516 8245.706055 17108.398438
  19           "ah" 4464  5916.435059 7441.359863 11923.474609
  20           "ao" 1893  4039.102051 5476.342773 11412.350586
  21           "aw"  771  2089.874023 3353.368652 6483.430664
  22           "ax" 4616  7457.307129 6055.812500 5388.973145
  23           "ay" 2058  5281.619141 8161.844727 15892.714844
  24           "ch"  805  3169.119385 4011.989502 2699.211670
  25           "dh" 2551  5159.587402 3078.713867 3328.050049
  26           "eh" 3005  4575.582031 6336.182617 11332.127930
  27           "el"  635  1147.544312 1940.898193 3636.206787
  28           "em"   34  157.424347 193.779831 163.787781
  29           "en"  161  817.507874 353.873383 285.973785
  30           "er" 2601  5238.747559 7639.800781 13613.654297
  31           "ey" 2137  4766.682617 7270.904297 13154.070312
  32           "hh" 1741  4179.233887 4075.184570 3482.930908
  33           "ih" 6902  8708.524414 10583.004883 16724.171875
  34           "ix" 2102  2911.020020 3729.331299 2902.626465
  35           "iy" 5052  24416.972656 13308.468750 11050.719727
  36           "jh" 1048  4093.393555 4095.129395 2757.185547
  37           "ng" 1250  3338.513672 3027.123047 5206.798340
  38           "ow" 1715  3849.047119 5966.570801 9958.052734
  39           "oy"  306  955.700012 1700.461914 2225.882812
  40           "sh" 1243  3498.212402 4503.330078 7943.643066
  41           "sp" 26436  59784.816406 55773.535156 36337.421875
  42           "th"  783  2175.957764 2911.904297 2086.340576
  43           "uh"  675  806.810669 1102.331299 1499.354370
  44           "uw" 2178  8217.933594 4337.380371 5042.831055
  45           "zh"   84  397.768951 360.156281 198.462601
  46          "axr" 1001  3764.764404 2478.610107 2278.226807
  47          "sil" 7392  59784.816406 55773.535156 36337.421875
