   1            "b" 2181  4111.304199 3832.494629 6985.632812
   2            "d" 4296  11651.973633 6028.098145 6190.404785
   3            "f" 2215  13419.519531 5636.637695 3744.697266
   4            "g" 1191  1853.790527 2123.797852 4953.677734
   5            "k" 3794  17522.613281 8405.373047 10032.084961
   6            "l" 4425  14403.420898 18663.773438 10668.276367
   7            "m" 3442  6918.368652 10203.419922 7974.741699
   8            "n" 6896  15533.949219 13320.708984 21450.109375
   9            "p" 2588  12713.375977 8105.775391 4307.618164
  10            "r" 4681  6871.635742 7363.914062 16089.208008
  11            "s" 6176  12424.456055 17427.898438 48148.964844
  12            "t" 3948  16644.302734 6031.756836 11336.292969
  13            "v" 1994  5251.815430 3693.676025 2999.510010
  14            "w" 2216  7113.112793 7608.878906 5140.463867
  15            "y"  995  2373.794922 3236.820068 3689.034912
  16            "z" 3682  17295.595703 13015.559570 8127.568359
  17           "aa" 2256  3694.175781 6421.111816 18806.179688
  18           "ae" 2292  3228.766846 5409.424805 19290.392578
  19           "ah" 2266  3239.357666 4649.899902 10553.442383
  20           "ao" 1865  3190.314209 5171.383301 13910.601562
  21           "aw"  728  1214.154663 2444.750244 8156.947754
  22           "ax" 3892  6074.886719 5432.593750 5248.791016
  23           "ay" 1934  3289.909912 7653.027344 19037.753906
  24           "ch"  820  3718.695557 4127.957520 2264.505371
  25           "dh" 2376  7369.883789 2859.499023 3192.710449
  26           "eh" 3277  4736.986328 5489.426270 16570.152344
  27           "el"  951  1387.830444 2514.910400 6296.524414
  28           "em"  124  350.075867 494.645233 278.827026
  29           "en"  630  3083.376465 1818.304688 1072.209595
  30           "er" 1693  3128.762451 4629.634277 13130.465820
  31           "ey" 2271  3787.829834 5338.991211 18091.642578
  32           "hh" 1660  4149.750977 4173.969238 3720.058838
  33           "ih" 4248  5742.758789 6963.635742 15278.178711
  34           "ix" 7370  11324.323242 11255.724609 12080.959961
  35           "iy" 4626  28501.236328 8983.260742 7098.906250
  36           "jh" 1013  4892.039551 3436.585938 2540.613037
  37           "ng" 1220  2228.937256 2576.027100 5591.618164
  38           "ow" 1653  2732.762695 5185.375977 12494.144531
  39           "oy"  304  545.861084 918.796936 3559.071289
  40           "sh" 1317  3083.864014 3952.304932 10748.605469
  41           "th"  745  3991.124512 2242.002441 1376.930664
  42           "uh"  500  662.038696 1008.556335 1783.840332
  43           "uw" 1952  8696.292969 3120.194824 4840.001953
  44           "zh"  149  918.934509 389.761078 298.500092
  45          "axr" 2445  10762.194336 4127.657715 3664.612061
  46          "sil" 8283  60376.941406 62979.082031 25270.613281
