   1            "b" 2181  5247.107422 4475.548828 5985.687500
   2            "d" 4296  11073.304688 6152.430664 5808.205078
   3            "f" 2215  11889.985352 6832.303711 4043.832031
   4            "g" 1191  2054.649658 2969.741943 4278.643066
   5            "k" 3794  16453.943359 9008.904297 10890.375000
   6            "l" 4425  13781.309570 15210.860352 12432.496094
   7            "m" 3442  8944.407227 9795.613281 8925.235352
   8            "n" 6896  14003.163086 13500.825195 21220.791016
   9            "p" 2588  12484.654297 6943.671875 5399.565430
  10            "r" 4681  9580.863281 9272.821289 13456.614258
  11            "s" 6176  15993.805664 19644.908203 41657.714844
  12            "t" 3948  15948.644531 7635.167480 11103.784180
  13            "v" 1994  5043.467773 3687.305420 3569.606445
  14            "w" 2216  7814.128906 7182.462891 5549.341309
  15            "y"  995  2637.407715 2958.341553 2994.652588
  16            "z" 3682  16649.800781 13246.960938 8610.758789
  17           "aa" 2256  4996.541016 8044.923828 14771.279297
  18           "ae" 2292  4332.568848 7513.483398 16239.741211
  19           "ah" 2266  3954.686279 5306.198242 8838.540039
  20           "ao" 1865  4153.340332 7172.960938 11764.179688
  21           "aw"  728  1620.442749 3529.572266 6609.914062
  22           "ax" 3892  5881.146973 5229.474609 5308.373047
  23           "ay" 1934  4727.834961 9912.792969 14720.829102
  24           "ch"  820  3809.181885 3985.191650 2655.031738
  25           "dh" 2376  7201.270020 3461.084473 3475.048340
  26           "eh" 3277  5677.503418 7365.190430 12982.392578
  27           "el"  951  1874.333862 3168.089355 5293.603027
  28           "em"  124  370.341248 486.711853 324.692169
  29           "en"  630  2781.223389 1987.935913 1371.984497
  30           "er" 1693  4109.165527 5968.304688 10223.507812
  31           "ey" 2271  5099.270996 7664.146484 14209.278320
  32           "hh" 1660  4159.439453 4406.087402 3492.536133
  33           "ih" 4248  6878.641113 8343.763672 11943.565430
  34           "ix" 7370  11488.242188 11438.506836 10539.307617
  35           "iy" 4626  20608.357422 13754.223633 11830.517578
  36           "jh" 1013  5001.647461 3397.292725 2825.874268
  37           "ng" 1220  2994.860596 3059.814209 4785.511230
  38           "ow" 1653  3677.130615 6648.450684 10302.040039
  39           "oy"  304  635.991455 1124.613770 3319.745605
  40           "sh" 1317  3753.720947 4717.562988 9514.523438
  41           "th"  745  3600.263184 2401.641602 1534.028198
  42           "uh"  500  712.887207 1075.412476 1647.769165
  43           "uw" 1952  7626.145020 4541.787109 5295.229492
  44           "zh"  149  905.287476 468.924438 334.786987
  45          "axr" 2445  8895.098633 5822.427246 5189.052734
  46          "sil" 8283  57810.074219 61808.250000 26222.585938
