   1            "b" 2489  4028.928223 5817.518555 6108.028320
   2            "d" 5021  12472.633789 6299.669434 7784.484375
   3            "f" 2207  6447.944336 11075.231445 4977.341797
   4            "g" 1465  3055.903320 2931.808105 4494.535645
   5            "k" 4539  19130.187500 10520.719727 11367.683594
   6            "l" 4883  12206.587891 19967.705078 11057.400391
   7            "m" 3570  6809.675293 8805.796875 9157.392578
   8            "n" 7524  15111.767578 10612.500000 21904.082031
   9            "p" 2966  7877.132812 10494.865234 8968.369141
  10            "r" 5454  9724.018555 12325.709961 12909.974609
  11            "s" 6148  13114.430664 15936.149414 41554.308594
  12            "t" 7847  20890.931641 15202.982422 12692.215820
  13            "v" 2074  4806.172363 3661.498779 3868.727783
  14            "w" 2218  5694.668457 7224.892578 5741.027344
  15            "y" 1229  3188.580322 2322.920654 3971.790039
  16            "z" 4203  14411.915039 19150.121094 10655.056641
  17           "aa" 2210  4232.710449 6013.166016 15559.915039
  18           "ae" 2959  4939.692383 6889.462402 19919.849609
  19           "ah" 4464  5723.477051 6974.205566 13366.361328
  20           "ao" 1893  3830.034180 4719.614258 11853.946289
  21           "aw"  771  1727.354614 2672.579102 7326.559082
  22           "ax" 4616  7465.216309 6379.617676 4970.644531
  23           "ay" 2058  4711.462402 6339.924316 18422.878906
  24           "ch"  805  3262.016357 4032.528809 2461.120605
  25           "dh" 2551  5493.911133 2679.160400 3094.438965
  26           "eh" 3005  4199.460449 5780.362305 12862.393555
  27           "el"  635  958.894958 1617.832764 4075.778076
  28           "em"   34  153.930542 192.030304 144.390350
  29           "en"  161  861.065247 280.979553 243.430527
  30           "er" 2601  4090.434814 6968.424805 15252.338867
  31           "ey" 2137  4435.077637 6306.796387 14613.666992
  32           "hh" 1741  3930.552002 4076.355957 3328.141357
  33           "ih" 6902  8564.067383 9482.089844 18266.968750
  34           "ix" 2102  3130.616699 3942.264893 2618.177002
  35           "iy" 5052  28251.035156 11908.970703 9432.858398
  36           "jh" 1048  3995.163574 4366.901855 2207.701904
  37           "ng" 1250  2740.303711 2975.625000 5713.965332
  38           "ow" 1715  3374.611084 4665.001953 11607.741211
  39           "oy"  306  982.903625 1606.834717 2154.848145
  40           "sh" 1243  3115.182129 3170.519287 9553.743164
  41           "sp" 26436  60896.722656 54239.164062 36371.871094
  42           "th"  783  2352.625732 2993.530029 1921.855103
  43           "uh"  675  802.103638 1022.201782 1676.415283
  44           "uw" 2178  8759.846680 3889.238281 4690.162598
  45           "zh"   84  399.695404 378.292938 167.339630
  46          "axr" 1001  4234.312988 2125.427979 2030.063599
  47          "sil" 7392  60896.722656 54239.164062 36371.871094
