   1            "b" 2181  2219.272217 8843.556641 4402.033203
   2            "d" 4296  4548.249023 19332.039062 8828.336914
   3            "f" 2215  3092.299561 2690.972656 7963.760254
   4            "g" 1191  1259.284912 5237.377441 2088.537109
   5            "k" 3794  3951.800781 16650.992188 6650.999023
   6            "l" 4425  29792.958984 48021.035156 28972.351562
   7            "m" 3442  3976.767334 5449.050781 26507.953125
   8            "n" 6896  10018.698242 8052.668945 31158.498047
   9            "p" 2588  3201.141357 4981.940430 14148.058594
  10            "r" 4681  5161.372559 6089.975098 20313.925781
  11            "s" 6176  7201.437988 7856.567383 22243.488281
  12            "t" 3948  4158.187988 18248.746094 9282.743164
  13            "v" 1994  2357.563721 3415.752197 12184.430664
  14            "w" 2216  17260.625000 18137.468750 2948.774414
  15            "y"  995  8149.898438 1219.694702 6255.610840
  16            "z" 3682  4469.595215 6008.840332 16897.193359
  17           "aa" 2256  2874.614990 3860.589111 14694.689453
  18           "ae" 2292  2573.657959 3195.319824 8801.834961
  19           "ah" 2266  2504.851074 3580.272461 11240.287109
  20           "ao" 1865  2078.096680 2408.154785 12493.722656
  21           "aw"  728  833.254456 1079.419067 4915.538086
  22           "ax" 3892  18374.777344 9108.883789 19857.138672
  23           "ay" 1934  2429.325684 2926.691162 10542.153320
  24           "ch"  820  5493.198242 3284.356934 3626.632080
  25           "dh" 2376  13523.536133 17674.792969 3417.905518
  26           "eh" 3277  3737.198242 5382.880859 14734.051758
  27           "el"  951  1059.207153 1284.823853 3593.460938
  28           "em"  124  130.516647 125.321060 397.246033
  29           "en"  630  937.514954 722.117920 1706.344971
  30           "er" 1693  2005.568481 2458.889160 9357.134766
  31           "ey" 2271  2739.885986 2825.011719 7781.699707
  32           "hh" 1660  7831.102539 12726.317383 2260.257324
  33           "ih" 4248  4838.158691 6888.429688 24682.181641
  34           "ix" 7370  38604.906250 23921.169922 40241.277344
  35           "iy" 4626  5657.951660 5728.355469 13330.782227
  36           "jh" 1013  7215.030273 3366.747559 3979.575195
  37           "ng" 1220  1623.512939 1918.494995 9645.312500
  38           "ow" 1653  1907.058838 2892.409180 11417.065430
  39           "oy"  304  324.138336 337.414337 1770.817993
  40           "sh" 1317  1469.447266 1774.747192 6248.549805
  41           "th"  745  1234.394531 1419.681641 4562.758789
  42           "uh"  500  567.007874 3708.989746 2950.319580
  43           "uw" 1952  2401.551758 2477.605957 6974.301270
  44           "zh"  149  204.656387 200.534225 538.063904
  45          "axr" 2445  2863.747314 3028.029541 6923.162109
  46          "sil" 8283  23594.933594 46331.570312 11826.501953
