   1            "b" 2181  3686.814209 5392.864746 6231.221680
   2            "d" 4296  10463.378906 6038.098633 5254.249023
   3            "f" 2215  13523.123047 5153.143555 3813.974609
   4            "g" 1191  2089.984375 2352.648193 4288.062012
   5            "k" 3794  16593.357422 9198.866211 10747.322266
   6            "l" 4425  12408.105469 17761.871094 11175.113281
   7            "m" 3442  6521.134766 7212.304688 11637.088867
   8            "n" 6896  15649.654297 10053.444336 21764.441406
   9            "p" 2588  12740.545898 7356.876465 4275.691895
  10            "r" 4681  9186.242188 10068.902344 11752.652344
  11            "s" 6176  14234.874023 18109.083984 45189.820312
  12            "t" 3948  14426.798828 8636.747070 10376.656250
  13            "v" 1994  4987.170898 3604.339111 3084.130371
  14            "w" 2216  7068.072754 7387.303711 5856.820801
  15            "y"  995  2924.455811 2459.942383 3272.373535
  16            "z" 3682  14111.804688 15177.252930 8531.731445
  17           "aa" 2256  4044.180908 6520.506348 16739.595703
  18           "ae" 2292  3564.896484 6548.516113 17431.197266
  19           "ah" 2266  3136.725342 5077.098145 9810.508789
  20           "ao" 1865  3296.933105 5220.828613 13308.563477
  21           "aw"  728  1221.035767 3011.659180 7463.851074
  22           "ax" 3892  6338.264160 4816.729004 4751.312988
  23           "ay" 1934  3320.771240 7191.297363 18391.169922
  24           "ch"  820  3374.572754 4121.557129 2509.395020
  25           "dh" 2376  5988.604004 2944.990967 3020.740967
  26           "eh" 3277  4178.644531 6791.317871 15441.371094
  27           "el"  951  1529.705811 2436.890869 5968.483887
  28           "em"  124  345.961609 531.284790 274.998230
  29           "en"  630  3139.615967 1611.989868 1209.540039
  30           "er" 1693  3183.736328 4879.838867 12167.574219
  31           "ey" 2271  3924.634277 6984.520020 16607.923828
  32           "hh" 1660  4115.735352 4159.755371 3471.846924
  33           "ih" 4248  5568.804688 7858.026855 14328.855469
  34           "ix" 7370  10605.208008 12556.961914 9225.794922
  35           "iy" 4626  27879.873047 11793.137695 8221.733398
  36           "jh" 1013  4610.566895 3343.361328 2577.037109
  37           "ng" 1220  2575.748535 2731.000000 5095.030762
  38           "ow" 1653  2562.427490 5823.903809 11604.825195
  39           "oy"  304  581.907288 1075.957031 3328.071045
  40           "sh" 1317  3610.699951 3868.749756 10115.022461
  41           "sp" 26402  65752.257812 56505.480469 41244.703125
  42           "th"  745  2759.837891 2860.080566 1485.004028
  43           "uh"  500  602.031433 992.610901 1712.043457
  44           "uw" 1952  8879.206055 3860.899902 4860.485352
  45           "zh"  149  691.161377 566.893799 375.242950
  46          "axr" 2445  10545.828125 5350.250977 4214.275391
  47          "sil" 8283  65752.257812 56505.480469 41244.703125
