   1            "b" 2181  4611.824219 4240.183105 6486.694824
   2            "d" 4296  11531.506836 5660.816895 6020.969238
   3            "f" 2215  13012.620117 6072.633301 3778.455078
   4            "g" 1191  1850.181030 2579.905762 4649.325195
   5            "k" 3794  17162.005859 8494.086914 10605.549805
   6            "l" 4425  13612.992188 17963.806641 10597.048828
   7            "m" 3442  6909.724609 10383.195312 8363.216797
   8            "n" 6896  14553.366211 13521.337891 20738.226562
   9            "p" 2588  12767.011719 7713.279785 4656.997070
  10            "r" 4681  8564.920898 7970.044922 14784.309570
  11            "s" 6176  13357.074219 17185.349609 46935.582031
  12            "t" 3948  16565.185547 6454.240723 11366.095703
  13            "v" 1994  5191.992188 3663.079102 3210.411621
  14            "w" 2216  7230.260742 7291.444824 5472.808105
  15            "y"  995  2466.920654 3067.093750 3558.827393
  16            "z" 3682  17248.892578 13063.191406 8215.687500
  17           "aa" 2256  4026.833252 7025.547363 17564.212891
  18           "ae" 2292  3561.747070 6147.118652 18485.160156
  19           "ah" 2266  3398.467041 4993.323242 10115.041016
  20           "ao" 1865  3515.530518 5563.810059 13415.235352
  21           "aw"  728  1259.273193 2644.966797 7770.492676
  22           "ax" 3892  6101.609863 5311.193848 5287.571777
  23           "ay" 1934  3739.926514 8230.325195 17889.248047
  24           "ch"  820  3732.164551 4148.143066 2352.997803
  25           "dh" 2376  7414.875488 2922.326416 3268.808105
  26           "eh" 3277  4853.498535 6330.893066 15644.557617
  27           "el"  951  1522.653442 2745.833008 5822.708008
  28           "em"  124  351.302307 488.335602 296.781830
  29           "en"  630  3034.370850 1890.647461 1161.806641
  30           "er" 1693  3387.835938 4888.122559 12391.091797
  31           "ey" 2271  4122.650879 6233.187012 16783.039062
  32           "hh" 1660  4257.738281 4263.434082 3759.376953
  33           "ih" 4248  5768.875000 7784.499512 14348.095703
  34           "ix" 7370  11304.074219 11239.945312 11537.754883
  35           "iy" 4626  26453.296875 10500.242188 8597.266602
  36           "jh" 1013  4916.470215 3386.779541 2627.748535
  37           "ng" 1220  2443.777588 2649.907227 5362.298828
  38           "ow" 1653  2900.961426 5731.564941 12048.551758
  39           "oy"  304  556.141968 934.840637 3589.278564
  40           "sh" 1317  3260.865967 4341.469727 10216.266602
  41           "th"  745  3896.346924 2237.391602 1408.564575
  42           "uh"  500  661.088928 1015.306641 1725.659912
  43           "uw" 1952  8522.045898 3617.365723 4920.150879
  44           "zh"  149  915.565308 400.255615 314.683105
  45          "axr" 2445  10181.608398 4747.373047 3997.062500
  46          "sil" 8283  59234.710938 62285.945312 26664.150391
