   1            "b" 2181  5543.681152 4536.231934 6072.888672
   2            "d" 4296  11172.514648 6245.155762 5850.174316
   3            "f" 2215  10595.277344 8022.835938 4458.020508
   4            "g" 1191  2285.666992 3041.777588 4457.417480
   5            "k" 3794  16255.464844 9131.337891 11129.458984
   6            "l" 4425  14253.939453 14787.306641 11883.127930
   7            "m" 3442  9127.998047 9949.720703 9116.967773
   8            "n" 6896  13965.144531 14079.021484 20157.691406
   9            "p" 2588  12771.302734 6812.416504 5658.764160
  10            "r" 4681  10242.259766 9716.691406 13127.725586
  11            "s" 6176  17039.441406 22669.988281 37612.398438
  12            "t" 3948  15456.920898 7934.136230 11156.346680
  13            "v" 1994  4769.207031 3921.734131 3882.370117
  14            "w" 2216  7563.487305 7253.604004 5633.865234
  15            "y"  995  2649.520996 2935.918457 2768.985352
  16            "z" 3682  15914.616211 13325.201172 8966.969727
  17           "aa" 2256  5470.736816 8187.802734 13630.581055
  18           "ae" 2292  4789.814941 8417.502930 14956.997070
  19           "ah" 2266  4212.503418 5610.773438 8076.305664
  20           "ao" 1865  4587.624512 7471.054199 11032.242188
  21           "aw"  728  1803.905884 3839.818359 6162.384766
  22           "ax" 3892  6131.473145 5326.015625 5062.955566
  23           "ay" 1934  5284.679199 10160.479492 13743.508789
  24           "ch"  820  3792.227783 3900.175537 2775.514893
  25           "dh" 2376  6897.058594 3735.975342 3629.634521
  26           "eh" 3277  5922.910156 7513.472656 12160.739258
  27           "el"  951  1958.358887 3235.072266 5257.933105
  28           "em"  124  379.602966 489.612610 338.317352
  29           "en"  630  2705.704346 2041.204224 1473.184570
  30           "er" 1693  4415.703613 6587.772949 9247.509766
  31           "ey" 2271  5341.454590 7955.665527 13386.029297
  32           "hh" 1660  4248.442383 4523.655273 3470.206055
  33           "ih" 4248  7138.458496 8686.924805 11351.370117
  34           "ix" 7370  11792.539062 11117.637695 10366.200195
  35           "iy" 4626  19979.537109 13537.416016 12446.852539
  36           "jh" 1013  4873.995605 3488.619873 2907.393311
  37           "ng" 1220  3195.293213 3161.622559 4742.722168
  38           "ow" 1653  4026.877686 7247.066406 9375.193359
  39           "oy"  304  676.545349 1188.948853 3236.445312
  40           "sh" 1317  3857.733887 4815.435547 9258.540039
  41           "th"  745  3384.051025 2550.402588 1624.970337
  42           "uh"  500  746.820374 1055.731201 1704.362183
  43           "uw" 1952  7553.694336 4561.821777 5521.016113
  44           "zh"  149  859.397705 491.250946 343.301697
  45          "axr" 2445  8489.571289 6065.988281 5580.549316
  46          "sil" 8283  57931.167969 60211.746094 26353.912109
