   1            "b" 2181  5723.029297 4496.314453 6152.096680
   2            "d" 4296  11086.659180 6400.995117 5918.291992
   3            "f" 2215  10085.162109 8614.810547 4659.656738
   4            "g" 1191  2454.684814 3006.144287 4475.349609
   5            "k" 3794  15986.377930 9190.319336 11425.725586
   6            "l" 4425  14652.634766 14098.215820 11722.102539
   7            "m" 3442  9335.866211 9755.278320 9515.339844
   8            "n" 6896  13968.548828 14506.474609 19654.125000
   9            "p" 2588  12750.009766 6643.307129 5837.293945
  10            "r" 4681  10343.157227 9921.625977 12720.771484
  11            "s" 6176  18064.617188 24266.662109 35407.195312
  12            "t" 3948  15467.184570 8126.688477 11181.333984
  13            "v" 1994  4640.079102 4126.405273 4044.807129
  14            "w" 2216  7606.071777 7225.172852 5641.957031
  15            "y"  995  2728.755371 2947.530762 2811.490479
  16            "z" 3682  15337.826172 13456.620117 9122.423828
  17           "aa" 2256  5651.777344 8348.386719 12999.608398
  18           "ae" 2292  5230.162598 8924.423828 14345.581055
  19           "ah" 2266  4217.057617 5965.651367 7525.408691
  20           "ao" 1865  4829.670410 7584.383789 10653.695312
  21           "aw"  728  1974.821899 4020.829102 5789.288086
  22           "ax" 3892  6061.260742 5223.577637 5049.532715
  23           "ay" 1934  5777.337891 10050.883789 13118.779297
  24           "ch"  820  3800.168945 3800.124756 2895.668213
  25           "dh" 2376  6962.154785 3797.859863 3746.081787
  26           "eh" 3277  6240.965820 7865.059082 11649.937500
  27           "el"  951  2062.593262 3263.210449 5214.136719
  28           "em"  124  388.625916 476.497955 351.356537
  29           "en"  630  2628.705322 2113.708740 1522.448730
  30           "er" 1693  4568.738770 6939.569824 8683.379883
  31           "ey" 2271  5777.819336 8217.186523 12730.138672
  32           "hh" 1660  4299.927246 4589.454590 3486.581055
  33           "ih" 4248  7322.172363 8452.207031 11310.626953
  34           "ix" 7370  11702.606445 11105.053711 10313.230469
  35           "iy" 4626  19344.130859 14213.569336 12360.325195
  36           "jh" 1013  4838.916504 3600.485840 2946.963623
  37           "ng" 1220  3182.539062 3211.340820 4687.718750
  38           "ow" 1653  4312.760742 7140.730469 8886.923828
  39           "oy"  304  719.209961 1227.769043 3143.472412
  40           "sh" 1317  3931.518555 5006.785156 9021.855469
  41           "th"  745  3222.417480 2662.104004 1691.313721
  42           "uh"  500  790.878540 1073.090942 1690.726196
  43           "uw" 1952  7551.810547 4465.895020 5640.455566
  44           "zh"  149  858.577393 489.683136 344.564758
  45          "axr" 2445  8138.342773 6270.310059 5730.947754
  46          "sil" 8283  58066.414062 58960.886719 26394.199219
