   1            "b" 2181  5051.294922 4543.005859 5968.764160
   2            "d" 4296  11128.493164 6074.903320 5870.787598
   3            "f" 2215  12431.165039 6451.312988 3921.647705
   4            "g" 1191  1981.349487 2906.173340 4260.568359
   5            "k" 3794  16573.902344 8912.776367 10725.119141
   6            "l" 4425  13549.672852 15850.871094 12028.394531
   7            "m" 3442  8681.937500 9995.898438 8592.250977
   8            "n" 6896  14164.721680 13652.234375 21139.406250
   9            "p" 2588  12513.799805 7235.241699 5115.848633
  10            "r" 4681  9014.590820 9248.292969 13359.208008
  11            "s" 6176  15528.558594 18221.259766 43598.164062
  12            "t" 3948  16418.115234 7238.469238 10931.691406
  13            "v" 1994  5022.865234 3687.380127 3425.489014
  14            "w" 2216  7673.067871 7287.240234 5588.495117
  15            "y"  995  2604.500488 2971.308594 3131.471924
  16            "z" 3682  17125.822266 13175.516602 8198.836914
  17           "aa" 2256  4785.779785 7632.743164 15857.251953
  18           "ae" 2292  4134.775879 7093.395996 16845.150391
  19           "ah" 2266  3779.916748 5033.145996 9395.243164
  20           "ao" 1865  3953.663574 6696.584473 12511.825195
  21           "aw"  728  1455.324097 3266.712402 7021.017090
  22           "ax" 3892  5884.095215 5255.562988 5334.339355
  23           "ay" 1934  4417.827148 9135.308594 15954.812500
  24           "ch"  820  3862.277588 4030.593750 2543.726562
  25           "dh" 2376  7455.856445 3221.853760 3394.890381
  26           "eh" 3277  5452.948242 7091.552246 13923.848633
  27           "el"  951  1807.705566 3062.990479 5383.449707
  28           "em"  124  362.333221 485.651001 314.764771
  29           "en"  630  2900.780029 1955.268799 1324.435303
  30           "er" 1693  3839.442139 5545.258301 10939.357422
  31           "ey" 2271  4816.591797 7235.225586 14942.375977
  32           "hh" 1660  4238.061035 4308.146973 3540.904785
  33           "ih" 4248  6476.489258 8252.198242 12654.360352
  34           "ix" 7370  11330.447266 11173.021484 10872.217773
  35           "iy" 4626  21743.720703 13466.987305 11075.063477
  36           "jh" 1013  5021.960938 3361.238037 2749.598877
  37           "ng" 1220  2855.347412 2982.156738 4900.359375
  38           "ow" 1653  3472.125000 6148.471680 10911.076172
  39           "oy"  304  617.968018 1058.572510 3397.496338
  40           "sh" 1317  3677.877441 4576.914062 9679.778320
  41           "th"  745  3761.144531 2285.679932 1482.670044
  42           "uh"  500  700.053223 1036.009766 1693.037231
  43           "uw" 1952  7825.717773 4306.521484 5201.336426
  44           "zh"  149  907.484741 456.856293 323.358765
  45          "axr" 2445  9236.890625 5543.719238 4987.306152
  46          "sil" 8283  57933.824219 61633.707031 26789.146484
