   1            "b" 2489  3180.809082 3266.995117 8219.378906
   2            "d" 5021  13437.309570 6807.497070 9788.665039
   3            "f" 2207  12385.484375 4613.112793 2828.515625
   4            "g" 1465  2413.913574 2432.599609 4352.791016
   5            "k" 4539  13042.036133 8614.238281 15764.555664
   6            "l" 4883  16211.860352 27031.550781 12019.619141
   7            "m" 3570  6488.044434 5741.763672 10563.440430
   8            "n" 7524  26721.632812 14661.071289 24184.558594
   9            "p" 2966  14081.183594 7528.929688 3843.603027
  10            "r" 5454  6664.861328 7699.736816 15570.267578
  11            "s" 6148  12881.677734 12781.697266 40448.921875
  12            "t" 7847  23343.664062 11536.981445 11955.763672
  13            "v" 2074  5335.568848 3176.390869 2486.885742
  14            "w" 2218  5906.469238 8622.181641 4380.822754
  15            "y" 1229  3067.587158 2783.918945 5439.320801
  16            "z" 4203  14930.619141 19214.611328 8254.409180
  17           "aa" 2210  3407.205078 4870.459473 19091.273438
  18           "ae" 2959  3632.496826 4681.547363 20305.001953
  19           "ah" 4464  6356.941406 6583.850098 14703.172852
  20           "ao" 1893  3042.624268 4002.127686 14347.756836
  21           "aw"  771  1315.020752 1936.839844 7823.083496
  22           "ax" 4616  6481.158203 6612.380859 6721.333008
  23           "ay" 2058  3264.057861 5192.524414 21039.306641
  24           "ch"  805  3473.267334 3820.979736 2031.136719
  25           "dh" 2551  4915.278320 3696.725098 2840.290283
  26           "eh" 3005  4017.909668 4571.435059 15092.539062
  27           "el"  635  891.702087 1446.818604 4849.643555
  28           "em"   34  120.527504 186.779221  91.254074
  29           "en"  161  795.045593 268.240906 214.528946
  30           "er" 2601  3717.515625 5363.915527 17503.855469
  31           "ey" 2137  2550.042969 2731.966553 16910.855469
  32           "hh" 1741  4438.702148 4845.984375 2388.010010
  33           "ih" 6902  9573.971680 9511.182617 21298.742188
  34           "ix" 2102  3170.477051 3900.301514 3389.881348
  35           "iy" 5052  31798.958984 7557.722168 5851.571289
  36           "jh" 1048  4924.842285 2704.611084 2160.718750
  37           "ng" 1250  1607.183472 2706.698730 6724.913086
  38           "ow" 1715  2739.716553 3735.589844 12121.020508
  39           "oy"  306  499.072052 804.977295 3271.165771
  40           "sh" 1243  2795.172852 2707.239502 9544.556641
  41           "sp" 26436  57137.906250 53283.546875 40616.140625
  42           "th"  783  3793.939697 2042.993042 1064.428223
  43           "uh"  675  985.785706 1048.148804 1660.181274
  44           "uw" 2178  8007.848145 2747.905029 2887.183838
  45           "zh"   84  427.883057 233.894058 140.670837
  46          "axr" 1001  4694.235840 1749.661743 1230.401733
  47          "sil" 7392  57137.906250 53283.546875 40616.140625
