   1            "b" 2181  4787.274414 5625.490234 5895.212402
   2            "d" 4296  10218.635742 7194.348145 6043.471191
   3            "f" 2215  9814.762695 8543.017578 4841.564941
   4            "g" 1191  2652.164062 2863.283447 4124.749023
   5            "k" 3794  15371.931641 9590.618164 11312.108398
   6            "l" 4425  14583.347656 13291.013672 12360.944336
   7            "m" 3442  7833.850586 8246.146484 11960.416016
   8            "n" 6896  14279.853516 12276.509766 20241.306641
   9            "p" 2588  11654.886719 6939.663574 6043.815918
  10            "r" 4681  10208.616211 11032.385742 11935.096680
  11            "s" 6176  18724.761719 26209.337891 32270.935547
  12            "t" 3948  14695.707031 9166.492188 10851.355469
  13            "v" 1994  4709.367188 4090.792725 4003.573242
  14            "w" 2216  7187.095703 6508.867188 6203.517578
  15            "y"  995  3045.724854 2716.910889 2785.941406
  16            "z" 3682  12990.171875 14222.604492 10415.869141
  17           "aa" 2256  5699.091309 7800.410645 12662.204102
  18           "ae" 2292  5393.795898 8675.751953 13776.293945
  19           "ah" 2266  4107.988770 5400.969727 7451.586426
  20           "ao" 1865  5008.678711 6930.539062 10373.219727
  21           "aw"  728  2088.430908 4006.356689 5497.429688
  22           "ax" 3892  5518.507812 5334.044434 4985.667480
  23           "ay" 1934  5705.962891 9550.478516 13313.074219
  24           "ch"  820  3325.260742 4117.286133 3015.928223
  25           "dh" 2376  5965.229004 4202.181641 3812.190674
  26           "eh" 3277  5665.539062 7901.750977 11446.154297
  27           "el"  951  2303.087158 3231.636475 4987.776367
  28           "em"  124  365.916748 493.925018 295.750275
  29           "en"  630  2519.054932 2014.352783 1672.088867
  30           "er" 1693  4714.401367 6394.245117 8775.394531
  31           "ey" 2271  6028.086914 9262.165039 11294.981445
  32           "hh" 1660  4302.877930 4589.253906 3517.656006
  33           "ih" 4248  7103.970215 8296.687500 11154.245117
  34           "ix" 7370  11299.818359 10471.714844 10449.734375
  35           "iy" 4626  18470.289062 14559.213867 11920.659180
  36           "jh" 1013  4550.725098 3607.283936 3061.759277
  37           "ng" 1220  3405.957275 2934.071777 4643.437500
  38           "ow" 1653  4485.886719 6832.270020 8525.873047
  39           "oy"  304  842.941772 1399.979858 2822.794678
  40           "sh" 1317  4347.758789 5312.020020 8238.006836
  41           "sp" 26402  59097.222656 58050.617188 40704.269531
  42           "th"  745  2688.866211 2772.528564 2003.054077
  43           "uh"  500  898.409424 964.459167 1625.135620
  44           "uw" 1952  7088.068359 4741.097656 5423.066895
  45           "zh"  149  711.634216 637.295105 379.723083
  46          "axr" 2445  8063.899902 5885.023438 6196.205566
  47          "sil" 8283  59097.222656 58050.617188 40704.269531
