   1            "b" 2489  4953.484863 5350.073242 6102.813477
   2            "d" 5021  10222.887695 7988.441895 7983.085449
   3            "f" 2207  7162.395996 9901.412109 5439.327148
   4            "g" 1465  3548.394287 3529.040039 4402.023438
   5            "k" 4539  17676.492188 10726.540039 12165.334961
   6            "l" 4883  15456.313477 14078.120117 13325.497070
   7            "m" 3570  8327.518555 10157.785156 9135.646484
   8            "n" 7524  14144.458008 13228.165039 20875.867188
   9            "p" 2966  7704.569824 9510.291992 9255.097656
  10            "r" 5454  12231.733398 12696.340820 13085.646484
  11            "s" 6148  17199.412109 26106.166016 26648.632812
  12            "t" 7847  18228.085938 14073.432617 14060.487305
  13            "v" 2074  4143.017090 4315.754883 4399.833984
  14            "w" 2218  6650.315918 6380.664062 6670.878906
  15            "y" 1229  3318.509277 2860.478027 3366.995850
  16            "z" 4203  13864.190430 17325.203125 12617.635742
  17           "aa" 2210  5471.466797 7471.870605 12220.934570
  18           "ae" 2959  6742.209473 9667.374023 14305.093750
  19           "ah" 4464  6677.886230 7330.925293 10467.889648
  20           "ao" 1893  4932.239258 6522.431152 9843.503906
  21           "aw"  771  2567.676270 4132.010254 5094.321289
  22           "ax" 4616  7269.199707 5976.004395 5514.927246
  23           "ay" 2058  6645.250977 9998.000977 12730.798828
  24           "ch"  805  3428.493164 3650.713135 2927.193115
  25           "dh" 2551  5988.739258 3894.263916 3665.751465
  26           "eh" 3005  5109.961914 6805.224609 9822.206055
  27           "el"  635  1497.467651 2220.687012 3412.689453
  28           "em"   34  166.798569 188.694504 168.413345
  29           "en"  161  744.719177 441.871765 333.840515
  30           "er" 2601  6911.084961 7661.197754 11697.837891
  31           "ey" 2137  5475.823730 8299.615234 10732.082031
  32           "hh" 1741  4502.047852 4051.931152 3454.894043
  33           "ih" 6902  10438.330078 10695.428711 14762.245117
  34           "ix" 2102  2925.938721 3482.325928 2937.292480
  35           "iy" 5052  19937.675781 14628.234375 12799.246094
  36           "jh" 1048  4260.897461 3803.549316 3225.492432
  37           "ng" 1250  3639.960449 3126.508057 5095.128906
  38           "ow" 1715  4405.258789 7031.136719 8275.640625
  39           "oy"  306  1222.902344 1572.639526 2208.125488
  40           "sh" 1243  3996.599609 4997.952148 6892.305176
  41           "sp" 26436  55486.011719 58271.925781 35602.253906
  42           "th"  783  2088.206787 2825.005859 2317.961914
  43           "uh"  675  897.524353 1047.786011 1631.588745
  44           "uw" 2178  7237.192871 4373.776855 5580.020508
  45           "zh"   84  441.647430 359.443054 237.847916
  46          "axr" 1001  3375.112061 2637.957275 2519.793945
  47          "sil" 7392  55486.011719 58271.925781 35602.253906
