   1            "b" 2181  5017.642090 4527.411133 5988.052246
   2            "d" 4296  11232.562500 6000.288086 5877.932129
   3            "f" 2215  12586.182617 6385.435059 3885.571045
   4            "g" 1191  1963.833618 2867.149414 4285.717285
   5            "k" 3794  16671.644531 8863.964844 10611.278320
   6            "l" 4425  13568.051758 16215.211914 11619.434570
   7            "m" 3442  8518.518555 10106.886719 8513.831055
   8            "n" 6896  14194.392578 13880.165039 20952.490234
   9            "p" 2588  12538.283203 7342.264648 5009.149902
  10            "r" 4681  8861.914062 9172.358398 13396.656250
  11            "s" 6176  15223.128906 18075.378906 44026.566406
  12            "t" 3948  16555.884766 7170.752930 10870.666016
  13            "v" 1994  5060.701660 3654.488281 3388.815430
  14            "w" 2216  7532.414062 7361.093750 5629.654297
  15            "y"  995  2556.470947 2984.288818 3204.427246
  16            "z" 3682  17176.685547 13215.169922 8096.428223
  17           "aa" 2256  4645.787109 7573.997070 16181.318359
  18           "ae" 2292  4067.362793 6751.740723 17267.546875
  19           "ah" 2266  3674.440186 4997.881348 9568.947266
  20           "ao" 1865  3883.837891 6446.334961 12837.614258
  21           "aw"  728  1406.543945 3148.333984 7161.574219
  22           "ax" 3892  5898.687988 5284.808105 5352.607910
  23           "ay" 1934  4291.154297 8949.873047 16282.817383
  24           "ch"  820  3862.665039 4042.989990 2511.876465
  25           "dh" 2376  7506.501465 3122.128174 3366.491699
  26           "eh" 3277  5332.254883 6876.303223 14362.726562
  27           "el"  951  1761.717041 3004.994385 5438.592285
  28           "em"  124  358.288574 486.247467 312.078674
  29           "en"  630  2937.064697 1935.188843 1309.946411
  30           "er" 1693  3777.947021 5301.883301 11292.859375
  31           "ey" 2271  4679.302734 7072.222168 15227.562500
  32           "hh" 1660  4285.081055 4247.992676 3588.207031
  33           "ih" 4248  6300.455078 8283.191406 12844.431641
  34           "ix" 7370  11206.606445 11153.947266 11008.710938
  35           "iy" 4626  22446.244141 13088.052734 10770.427734
  36           "jh" 1013  5010.397949 3354.403076 2713.769775
  37           "ng" 1220  2779.732666 2922.946777 4987.670410
  38           "ow" 1653  3409.923340 6019.939453 11105.451172
  39           "oy"  304  600.335022 1043.245483 3440.070312
  40           "sh" 1317  3618.419922 4537.041504 9732.553711
  41           "th"  745  3805.873779 2271.665771 1452.376953
  42           "uh"  500  693.920532 1022.610291 1717.652344
  43           "uw" 1952  7973.174316 4191.979980 5119.837402
  44           "zh"  149  909.846924 448.554047 317.554565
  45          "axr" 2445  9374.526367 5420.270508 4867.872070
  46          "sil" 8283  58116.945312 61586.464844 26976.511719
