   1            "b" 2181  4876.402344 5632.330078 5859.633301
   2            "d" 4296  10183.923828 7208.547852 6100.223145
   3            "f" 2215  9567.207031 8852.733398 4939.044434
   4            "g" 1191  2672.538818 2913.562012 4118.599121
   5            "k" 3794  15409.278320 9590.287109 11355.195312
   6            "l" 4425  14611.186523 13178.744141 12592.413086
   7            "m" 3442  7940.687988 8458.966797 11766.723633
   8            "n" 6896  14377.116211 12182.426758 20221.394531
   9            "p" 2588  11571.984375 6987.990723 6073.355957
  10            "r" 4681  10343.707031 10875.859375 11891.318359
  11            "s" 6176  18937.062500 26409.515625 31869.179688
  12            "t" 3948  14762.330078 9062.925781 10955.020508
  13            "v" 1994  4659.389160 4134.687012 4061.883057
  14            "w" 2216  7242.484863 6533.592773 6204.157227
  15            "y"  995  3040.312256 2722.027100 2792.183594
  16            "z" 3682  12995.090820 14088.375977 10490.651367
  17           "aa" 2256  5733.521973 7827.672852 12538.870117
  18           "ae" 2292  5472.043457 8651.765625 13610.550781
  19           "ah" 2266  4132.057129 5413.961426 7390.421875
  20           "ao" 1865  5077.312988 6899.082031 10288.462891
  21           "aw"  728  2143.101807 4023.228027 5433.468262
  22           "ax" 3892  5590.162109 5314.305176 4981.696777
  23           "ay" 1934  5794.032227 9593.308594 13125.283203
  24           "ch"  820  3365.659912 4079.638184 3020.888672
  25           "dh" 2376  6021.238770 4217.806641 3836.530518
  26           "eh" 3277  5735.597656 7877.210449 11255.502930
  27           "el"  951  2337.664795 3304.431641 4927.352539
  28           "em"  124  369.404663 495.319031 294.941650
  29           "en"  630  2479.085449 2038.909302 1667.641357
  30           "er" 1693  4811.542969 6482.674316 8563.865234
  31           "ey" 2271  6125.711426 9349.904297 11113.733398
  32           "hh" 1660  4310.980469 4624.035156 3552.869629
  33           "ih" 4248  7139.559082 8289.629883 11111.787109
  34           "ix" 7370  11277.409180 10296.859375 10523.433594
  35           "iy" 4626  18116.359375 14749.085938 12023.228516
  36           "jh" 1013  4627.024902 3591.492432 3083.700195
  37           "ng" 1220  3410.532471 2981.459229 4597.475586
  38           "ow" 1653  4529.455566 6839.739258 8480.218750
  39           "oy"  304  852.228821 1395.883789 2820.004883
  40           "sh" 1317  4365.309082 5408.984375 8127.367188
  41           "sp" 26402  58598.414062 58112.351562 40601.406250
  42           "th"  745  2686.221680 2799.157227 2023.747681
  43           "uh"  500  910.313782 982.261292 1629.314331
  44           "uw" 1952  7096.758301 4761.726074 5436.721680
  45           "zh"  149  718.427429 633.222290 377.941681
  46          "axr" 2445  7881.971680 5988.001953 6240.689941
  47          "sil" 8283  58598.414062 58112.351562 40601.406250
