   1            "b" 2489  4745.812988 5353.197754 6190.750977
   2            "d" 5021  10559.543945 7278.873047 8020.630859
   3            "f" 2207  6877.861328 10028.138672 5352.734375
   4            "g" 1465  3343.965332 3459.474609 4170.586914
   5            "k" 4539  18267.298828 10003.178711 12190.295898
   6            "l" 4883  14807.256836 15236.833008 13048.403320
   7            "m" 3570  7620.426758 10275.111328 8939.061523
   8            "n" 7524  14331.116211 12459.415039 20747.060547
   9            "p" 2966  7662.497070 9730.666992 9199.117188
  10            "r" 5454  12269.770508 12496.555664 13216.353516
  11            "s" 6148  15750.464844 23617.601562 31494.312500
  12            "t" 7847  19033.125000 14877.592773 12436.596680
  13            "v" 2074  4371.661133 3965.878662 4115.359863
  14            "w" 2218  6412.255371 6423.470703 6626.052246
  15            "y" 1229  3286.056152 2695.019287 3250.534668
  16            "z" 4203  14441.361328 17916.550781 12132.758789
  17           "aa" 2210  5293.935547 7061.510742 12943.736328
  18           "ae" 2959  5958.117676 8955.157227 16093.608398
  19           "ah" 4464  6544.226074 7037.454102 11225.182617
  20           "ao" 1893  4364.517578 6439.288574 10373.293945
  21           "aw"  771  2363.526855 3750.024658 5788.943359
  22           "ax" 4616  7463.479980 5943.326172 5383.019531
  23           "ay" 2058  5904.273438 9051.035156 14262.962891
  24           "ch"  805  3366.608887 3704.812500 2798.507080
  25           "dh" 2551  5424.750488 3554.553467 3379.025146
  26           "eh" 3005  4946.626465 6747.563965 10217.000000
  27           "el"  635  1302.917236 2100.777344 3397.799316
  28           "em"   34  166.389877 190.955994 167.146454
  29           "en"  161  768.901123 419.465027 314.060547
  30           "er" 2601  5726.061523 8086.993652 12673.573242
  31           "ey" 2137  5047.123047 7492.178223 12232.952148
  32           "hh" 1741  4223.192383 4087.724121 3468.300781
  33           "ih" 6902  9397.879883 10944.174805 15638.011719
  34           "ix" 2102  2962.433838 3536.872559 2990.385498
  35           "iy" 5052  21471.462891 15086.003906 11828.883789
  36           "jh" 1048  4196.695312 3934.668457 2970.655029
  37           "ng" 1250  3690.879883 2920.763428 5206.562988
  38           "ow" 1715  4067.835449 6661.285645 8923.432617
  39           "oy"  306  1056.176270 1605.991699 2215.314453
  40           "sh" 1243  3734.341553 4844.437500 7262.975586
  41           "sp" 26436  57781.980469 56354.210938 36986.371094
  42           "th"  783  2095.866211 2924.595947 2148.199707
  43           "uh"  675  858.781494 1111.349854 1526.776489
  44           "uw" 2178  7560.221680 4246.449707 5612.567383
  45           "zh"   84  415.841553 355.436096 211.172043
  46          "axr" 1001  3513.311523 2401.770020 2542.677979
  47          "sil" 7392  57781.980469 56354.210938 36986.371094
